chrom	start	end	sample_id	cn_a	cn_b
chr1	4000001	6000000	internal225	1.0	1.0
chr1	4000001	6000000	internal191	1.0	1.0
chr1	4000001	6000000	internal90	1.0	1.0
chr1	4000001	6000000	internal96	1.0	1.5
chr1	4000001	6000000	A96167B-R43-C11	1.0	1.0
chr1	4000001	6000000	internal88	1.0	1.0
chr1	4000001	6000000	internal70	1.0	1.0
chr1	4000001	6000000	A96123A-R24-C53	1.0	1.0
chr1	4000001	6000000	A96123A-R24-C37	1.0	1.0
chr1	4000001	6000000	A96123A-R21-C36	1.0	1.0
chr1	4000001	6000000	A96167B-R37-C09	1.0	3.0
chr1	4000001	6000000	A96167B-R56-C15	1.0	2.0
chr1	6000001	24000000	internal225	1.0	1.0
chr1	6000001	24000000	internal191	1.5	1.0
chr1	6000001	24000000	internal90	1.0	1.0
chr1	6000001	24000000	internal96	1.0	1.5
chr1	6000001	24000000	A96167B-R43-C11	1.0	1.0
chr1	6000001	24000000	internal88	1.0	1.0
chr1	6000001	24000000	internal70	1.0	1.0
chr1	6000001	24000000	A96123A-R24-C53	1.0	1.0
chr1	6000001	24000000	A96123A-R24-C37	1.0	1.0
chr1	6000001	24000000	A96123A-R21-C36	1.0	1.0
chr1	6000001	24000000	A96167B-R37-C09	2.0	2.0
chr1	6000001	24000000	A96167B-R56-C15	0.0	3.0
chr1	24500001	43500000	internal225	1.0	1.0
chr1	24500001	43500000	internal191	1.5	1.0
chr1	24500001	43500000	internal90	1.0	1.0
chr1	24500001	43500000	internal96	1.0	1.5
chr1	24500001	43500000	A96167B-R43-C11	1.0	1.0
chr1	24500001	43500000	internal88	1.0	1.0
chr1	24500001	43500000	internal70	1.0	1.0
chr1	24500001	43500000	A96123A-R24-C53	1.0	1.0
chr1	24500001	43500000	A96123A-R24-C37	1.0	1.0
chr1	24500001	43500000	A96123A-R21-C36	1.0	1.0
chr1	24500001	43500000	A96167B-R37-C09	1.0	1.0
chr1	24500001	43500000	A96167B-R56-C15	1.0	3.0
chr1	43500001	47000000	internal225	2.0	1.0
chr1	43500001	47000000	internal191	3.0	1.0
chr1	43500001	47000000	internal90	1.5	1.0
chr1	43500001	47000000	internal96	1.5	1.0
chr1	43500001	47000000	A96167B-R43-C11	1.0	1.0
chr1	43500001	47000000	internal88	2.0	1.0
chr1	43500001	47000000	internal70	2.0	1.0
chr1	43500001	47000000	A96123A-R24-C53	1.0	1.0
chr1	43500001	47000000	A96123A-R24-C37	1.0	1.0
chr1	43500001	47000000	A96123A-R21-C36	1.0	1.0
chr1	43500001	47000000	A96167B-R37-C09	2.0	1.0
chr1	43500001	47000000	A96167B-R56-C15	3.0	1.0
chr1	47000001	53500000	internal225	1.0	1.0
chr1	47000001	53500000	internal191	1.0	1.0
chr1	47000001	53500000	internal90	1.0	1.0
chr1	47000001	53500000	internal96	1.5	1.0
chr1	47000001	53500000	A96167B-R43-C11	1.0	1.0
chr1	47000001	53500000	internal88	1.0	1.0
chr1	47000001	53500000	internal70	1.0	1.0
chr1	47000001	53500000	A96123A-R24-C53	1.0	1.0
chr1	47000001	53500000	A96123A-R24-C37	1.0	1.0
chr1	47000001	53500000	A96123A-R21-C36	1.0	1.0
chr1	47000001	53500000	A96167B-R37-C09	2.0	1.0
chr1	47000001	53500000	A96167B-R56-C15	2.0	2.0
chr1	53500001	62000000	internal225	1.0	1.0
chr1	53500001	62000000	internal191	1.0	1.0
chr1	53500001	62000000	internal90	1.0	1.0
chr1	53500001	62000000	internal96	1.0	1.5
chr1	53500001	62000000	A96167B-R43-C11	1.0	1.0
chr1	53500001	62000000	internal88	1.0	1.0
chr1	53500001	62000000	internal70	1.0	1.0
chr1	53500001	62000000	A96123A-R24-C53	1.0	1.0
chr1	53500001	62000000	A96123A-R24-C37	1.0	1.0
chr1	53500001	62000000	A96123A-R21-C36	1.0	1.0
chr1	53500001	62000000	A96167B-R37-C09	1.0	2.0
chr1	53500001	62000000	A96167B-R56-C15	1.0	2.0
chr1	62000001	63000000	internal225	1.0	1.0
chr1	62000001	63000000	internal191	1.5	1.0
chr1	62000001	63000000	internal90	1.0	1.0
chr1	62000001	63000000	internal96	1.0	1.5
chr1	62000001	63000000	A96167B-R43-C11	1.0	1.0
chr1	62000001	63000000	internal88	1.0	1.0
chr1	62000001	63000000	internal70	1.0	1.0
chr1	62000001	63000000	A96123A-R24-C53	1.0	1.0
chr1	62000001	63000000	A96123A-R24-C37	1.0	1.0
chr1	62000001	63000000	A96123A-R21-C36	1.0	1.0
chr1	62000001	63000000	A96167B-R37-C09	0.0	2.0
chr1	62000001	63000000	A96167B-R56-C15	1.0	1.0
chr1	63000001	68500000	internal225	1.0	1.0
chr1	63000001	68500000	internal191	1.5	1.0
chr1	63000001	68500000	internal90	1.0	1.0
chr1	63000001	68500000	internal96	1.0	1.5
chr1	63000001	68500000	A96167B-R43-C11	1.0	1.0
chr1	63000001	68500000	internal88	1.0	1.0
chr1	63000001	68500000	internal70	1.0	1.0
chr1	63000001	68500000	A96123A-R24-C53	1.0	1.0
chr1	63000001	68500000	A96123A-R24-C37	1.0	1.0
chr1	63000001	68500000	A96123A-R21-C36	1.0	1.0
chr1	63000001	68500000	A96167B-R37-C09	1.0	2.0
chr1	63000001	68500000	A96167B-R56-C15	1.0	1.0
chr1	68500001	69000000	internal225	1.0	1.0
chr1	68500001	69000000	internal191	1.5	1.0
chr1	68500001	69000000	internal90	1.0	1.0
chr1	68500001	69000000	internal96	1.0	1.5
chr1	68500001	69000000	A96167B-R43-C11	1.0	1.0
chr1	68500001	69000000	internal88	1.0	1.0
chr1	68500001	69000000	internal70	1.0	1.0
chr1	68500001	69000000	A96123A-R24-C53	1.0	1.0
chr1	68500001	69000000	A96123A-R24-C37	1.0	1.0
chr1	68500001	69000000	A96123A-R21-C36	1.0	1.0
chr1	68500001	69000000	A96167B-R37-C09	2.0	1.0
chr1	68500001	69000000	A96167B-R56-C15	1.0	1.0
chr1	69500001	78500000	internal225	1.0	1.0
chr1	69500001	78500000	internal191	1.5	1.0
chr1	69500001	78500000	internal90	1.0	1.0
chr1	69500001	78500000	internal96	1.0	1.0
chr1	69500001	78500000	A96167B-R43-C11	1.0	1.0
chr1	69500001	78500000	internal88	1.0	1.0
chr1	69500001	78500000	internal70	1.0	1.0
chr1	69500001	78500000	A96123A-R24-C53	1.0	1.0
chr1	69500001	78500000	A96123A-R24-C37	1.0	1.0
chr1	69500001	78500000	A96123A-R21-C36	1.0	1.0
chr1	69500001	78500000	A96167B-R37-C09	1.0	1.0
chr1	69500001	78500000	A96167B-R56-C15	1.0	1.0
chr1	78500001	96000000	internal225	1.0	1.0
chr1	78500001	96000000	internal191	1.0	1.0
chr1	78500001	96000000	internal90	1.0	1.0
chr1	78500001	96000000	internal96	1.0	1.0
chr1	78500001	96000000	A96167B-R43-C11	1.0	1.0
chr1	78500001	96000000	internal88	1.0	1.0
chr1	78500001	96000000	internal70	1.0	1.0
chr1	78500001	96000000	A96123A-R24-C53	1.0	1.0
chr1	78500001	96000000	A96123A-R24-C37	1.0	1.0
chr1	78500001	96000000	A96123A-R21-C36	1.0	1.0
chr1	78500001	96000000	A96167B-R37-C09	1.0	1.0
chr1	78500001	96000000	A96167B-R56-C15	1.0	2.0
chr1	96000001	107500000	internal225	1.0	1.0
chr1	96000001	107500000	internal191	1.0	1.0
chr1	96000001	107500000	internal90	1.0	1.0
chr1	96000001	107500000	internal96	1.0	1.0
chr1	96000001	107500000	A96167B-R43-C11	1.0	1.0
chr1	96000001	107500000	internal88	1.0	1.0
chr1	96000001	107500000	internal70	1.0	1.0
chr1	96000001	107500000	A96123A-R24-C53	1.0	1.0
chr1	96000001	107500000	A96123A-R24-C37	1.0	1.0
chr1	96000001	107500000	A96123A-R21-C36	1.0	1.0
chr1	96000001	107500000	A96167B-R37-C09	1.0	1.0
chr1	96000001	107500000	A96167B-R56-C15	2.0	1.0
chr1	107500001	117500000	internal225	1.0	1.0
chr1	107500001	117500000	internal191	1.0	1.0
chr1	107500001	117500000	internal90	1.0	1.0
chr1	107500001	117500000	internal96	1.0	1.0
chr1	107500001	117500000	A96167B-R43-C11	1.0	1.0
chr1	107500001	117500000	internal88	1.0	1.0
chr1	107500001	117500000	internal70	1.0	1.0
chr1	107500001	117500000	A96123A-R24-C53	1.0	1.0
chr1	107500001	117500000	A96123A-R24-C37	1.0	1.0
chr1	107500001	117500000	A96123A-R21-C36	1.0	1.0
chr1	107500001	117500000	A96167B-R37-C09	1.0	1.0
chr1	107500001	117500000	A96167B-R56-C15	2.0	2.0
chr1	153000001	153500000	internal225	2.0	2.0
chr1	153000001	153500000	internal191	2.0	2.0
chr1	153000001	153500000	internal90	2.0	2.0
chr1	153000001	153500000	internal96	2.0	1.5
chr1	153000001	153500000	A96167B-R43-C11	2.0	2.0
chr1	153000001	153500000	internal88	2.0	2.0
chr1	153000001	153500000	internal70	2.0	2.0
chr1	153000001	153500000	A96123A-R24-C53	3.0	1.0
chr1	153000001	153500000	A96123A-R24-C37	1.0	2.0
chr1	153000001	153500000	A96123A-R21-C36	1.0	3.0
chr1	153000001	153500000	A96167B-R37-C09	3.0	1.0
chr1	153000001	153500000	A96167B-R56-C15	3.0	2.0
chr1	153500001	156500000	internal225	2.0	2.0
chr1	153500001	156500000	internal191	2.0	2.0
chr1	153500001	156500000	internal90	2.0	2.0
chr1	153500001	156500000	internal96	2.0	1.5
chr1	153500001	156500000	A96167B-R43-C11	2.0	2.0
chr1	153500001	156500000	internal88	2.0	2.0
chr1	153500001	156500000	internal70	2.0	2.0
chr1	153500001	156500000	A96123A-R24-C53	3.0	1.0
chr1	153500001	156500000	A96123A-R24-C37	1.0	2.0
chr1	153500001	156500000	A96123A-R21-C36	1.0	3.0
chr1	153500001	156500000	A96167B-R37-C09	3.0	1.0
chr1	153500001	156500000	A96167B-R56-C15	3.0	2.0
chr1	156500001	157000000	internal225	2.0	2.0
chr1	156500001	157000000	internal191	2.0	2.0
chr1	156500001	157000000	internal90	2.0	2.0
chr1	156500001	157000000	internal96	2.5	1.5
chr1	156500001	157000000	A96167B-R43-C11	3.0	2.0
chr1	156500001	157000000	internal88	2.0	2.0
chr1	156500001	157000000	internal70	2.0	2.0
chr1	156500001	157000000	A96123A-R24-C53	3.0	1.0
chr1	156500001	157000000	A96123A-R24-C37	1.0	2.0
chr1	156500001	157000000	A96123A-R21-C36	1.0	3.0
chr1	156500001	157000000	A96167B-R37-C09	3.0	1.0
chr1	156500001	157000000	A96167B-R56-C15	3.0	2.0
chr1	157000001	161000000	internal225	2.0	2.0
chr1	157000001	161000000	internal191	2.0	2.0
chr1	157000001	161000000	internal90	2.0	2.0
chr1	157000001	161000000	internal96	2.5	1.5
chr1	157000001	161000000	A96167B-R43-C11	3.0	2.0
chr1	157000001	161000000	internal88	2.0	2.0
chr1	157000001	161000000	internal70	2.0	2.0
chr1	157000001	161000000	A96123A-R24-C53	2.0	2.0
chr1	157000001	161000000	A96123A-R24-C37	2.0	1.0
chr1	157000001	161000000	A96123A-R21-C36	1.0	3.0
chr1	157000001	161000000	A96167B-R37-C09	2.0	2.0
chr1	157000001	161000000	A96167B-R56-C15	3.0	2.0
chr1	162000001	169000000	internal225	2.0	2.0
chr1	162000001	169000000	internal191	2.0	2.0
chr1	162000001	169000000	internal90	2.0	2.0
chr1	162000001	169000000	internal96	1.5	2.0
chr1	162000001	169000000	A96167B-R43-C11	3.0	2.0
chr1	162000001	169000000	internal88	2.0	2.0
chr1	162000001	169000000	internal70	3.0	2.0
chr1	162000001	169000000	A96123A-R24-C53	2.0	2.0
chr1	162000001	169000000	A96123A-R24-C37	1.0	2.0
chr1	162000001	169000000	A96123A-R21-C36	2.0	2.0
chr1	162000001	169000000	A96167B-R37-C09	2.0	2.0
chr1	162000001	169000000	A96167B-R56-C15	3.0	2.0
chr1	169000001	170000000	internal225	2.0	2.0
chr1	169000001	170000000	internal191	2.0	2.0
chr1	169000001	170000000	internal90	2.0	2.0
chr1	169000001	170000000	internal96	2.0	2.0
chr1	169000001	170000000	A96167B-R43-C11	3.0	2.0
chr1	169000001	170000000	internal88	2.0	2.0
chr1	169000001	170000000	internal70	3.0	2.0
chr1	169000001	170000000	A96123A-R24-C53	2.0	2.0
chr1	169000001	170000000	A96123A-R24-C37	1.0	2.0
chr1	169000001	170000000	A96123A-R21-C36	2.0	2.0
chr1	169000001	170000000	A96167B-R37-C09	2.0	2.0
chr1	169000001	170000000	A96167B-R56-C15	3.0	2.0
chr1	170500001	174000000	internal225	2.0	2.0
chr1	170500001	174000000	internal191	2.0	2.0
chr1	170500001	174000000	internal90	2.0	2.0
chr1	170500001	174000000	internal96	2.0	2.0
chr1	170500001	174000000	A96167B-R43-C11	3.0	2.0
chr1	170500001	174000000	internal88	2.0	2.0
chr1	170500001	174000000	internal70	3.0	2.0
chr1	170500001	174000000	A96123A-R24-C53	2.0	2.0
chr1	170500001	174000000	A96123A-R24-C37	1.0	2.0
chr1	170500001	174000000	A96123A-R21-C36	2.0	2.0
chr1	170500001	174000000	A96167B-R37-C09	2.0	2.0
chr1	170500001	174000000	A96167B-R56-C15	3.0	2.0
chr1	175000001	177500000	internal225	2.0	2.0
chr1	175000001	177500000	internal191	2.0	2.0
chr1	175000001	177500000	internal90	2.0	2.0
chr1	175000001	177500000	internal96	2.0	2.0
chr1	175000001	177500000	A96167B-R43-C11	3.0	2.0
chr1	175000001	177500000	internal88	2.0	2.0
chr1	175000001	177500000	internal70	3.0	2.0
chr1	175000001	177500000	A96123A-R24-C53	2.0	2.0
chr1	175000001	177500000	A96123A-R24-C37	1.0	2.0
chr1	175000001	177500000	A96123A-R21-C36	2.0	2.0
chr1	175000001	177500000	A96167B-R37-C09	2.0	2.0
chr1	175000001	177500000	A96167B-R56-C15	3.0	2.0
chr1	178000001	180500000	internal225	2.0	2.0
chr1	178000001	180500000	internal191	2.0	2.0
chr1	178000001	180500000	internal90	2.0	2.0
chr1	178000001	180500000	internal96	2.0	2.0
chr1	178000001	180500000	A96167B-R43-C11	3.0	2.0
chr1	178000001	180500000	internal88	2.0	2.0
chr1	178000001	180500000	internal70	2.0	2.0
chr1	178000001	180500000	A96123A-R24-C53	2.0	2.0
chr1	178000001	180500000	A96123A-R24-C37	2.0	1.0
chr1	178000001	180500000	A96123A-R21-C36	2.0	2.0
chr1	178000001	180500000	A96167B-R37-C09	2.0	2.0
chr1	178000001	180500000	A96167B-R56-C15	4.0	3.0
chr1	181000001	185500000	internal225	2.0	2.0
chr1	181000001	185500000	internal191	2.0	2.0
chr1	181000001	185500000	internal90	2.0	2.0
chr1	181000001	185500000	internal96	2.0	2.0
chr1	181000001	185500000	A96167B-R43-C11	3.0	2.0
chr1	181000001	185500000	internal88	2.0	2.0
chr1	181000001	185500000	internal70	2.0	2.0
chr1	181000001	185500000	A96123A-R24-C53	2.0	2.0
chr1	181000001	185500000	A96123A-R24-C37	2.0	1.0
chr1	181000001	185500000	A96123A-R21-C36	2.0	2.0
chr1	181000001	185500000	A96167B-R37-C09	2.0	2.0
chr1	181000001	185500000	A96167B-R56-C15	4.0	3.0
chr1	186000001	187000000	internal225	2.0	2.0
chr1	186000001	187000000	internal191	2.0	2.0
chr1	186000001	187000000	internal90	2.0	2.0
chr1	186000001	187000000	internal96	2.0	2.0
chr1	186000001	187000000	A96167B-R43-C11	2.0	3.0
chr1	186000001	187000000	internal88	2.0	2.0
chr1	186000001	187000000	internal70	2.0	2.0
chr1	186000001	187000000	A96123A-R24-C53	2.0	2.0
chr1	186000001	187000000	A96123A-R24-C37	2.0	1.0
chr1	186000001	187000000	A96123A-R21-C36	2.0	2.0
chr1	186000001	187000000	A96167B-R37-C09	2.0	2.0
chr1	186000001	187000000	A96167B-R56-C15	4.0	3.0
chr1	188000001	191500000	internal225	2.0	2.0
chr1	188000001	191500000	internal191	2.0	2.0
chr1	188000001	191500000	internal90	2.0	2.0
chr1	188000001	191500000	internal96	2.0	2.0
chr1	188000001	191500000	A96167B-R43-C11	2.0	3.0
chr1	188000001	191500000	internal88	1.5	2.0
chr1	188000001	191500000	internal70	2.0	2.0
chr1	188000001	191500000	A96123A-R24-C53	2.0	2.0
chr1	188000001	191500000	A96123A-R24-C37	2.0	1.0
chr1	188000001	191500000	A96123A-R21-C36	2.0	2.0
chr1	188000001	191500000	A96167B-R37-C09	2.0	2.0
chr1	188000001	191500000	A96167B-R56-C15	4.0	3.0
chr1	191500001	195500000	internal225	2.0	2.0
chr1	191500001	195500000	internal191	2.0	2.0
chr1	191500001	195500000	internal90	2.0	2.0
chr1	191500001	195500000	internal96	2.0	2.0
chr1	191500001	195500000	A96167B-R43-C11	3.0	3.0
chr1	191500001	195500000	internal88	2.0	2.0
chr1	191500001	195500000	internal70	2.0	2.0
chr1	191500001	195500000	A96123A-R24-C53	2.0	2.0
chr1	191500001	195500000	A96123A-R24-C37	2.0	1.0
chr1	191500001	195500000	A96123A-R21-C36	2.0	2.0
chr1	191500001	195500000	A96167B-R37-C09	2.0	2.0
chr1	191500001	195500000	A96167B-R56-C15	4.0	3.0
chr1	195500001	196000000	internal225	2.0	2.0
chr1	195500001	196000000	internal191	2.0	2.0
chr1	195500001	196000000	internal90	2.0	2.0
chr1	195500001	196000000	internal96	2.0	2.0
chr1	195500001	196000000	A96167B-R43-C11	3.0	3.0
chr1	195500001	196000000	internal88	2.0	2.0
chr1	195500001	196000000	internal70	2.0	2.0
chr1	195500001	196000000	A96123A-R24-C53	2.0	2.0
chr1	195500001	196000000	A96123A-R24-C37	2.0	1.0
chr1	195500001	196000000	A96123A-R21-C36	2.0	1.0
chr1	195500001	196000000	A96167B-R37-C09	2.0	2.0
chr1	195500001	196000000	A96167B-R56-C15	4.0	3.0
chr1	197000001	200500000	internal225	2.0	2.0
chr1	197000001	200500000	internal191	2.0	2.0
chr1	197000001	200500000	internal90	2.0	2.0
chr1	197000001	200500000	internal96	2.0	2.0
chr1	197000001	200500000	A96167B-R43-C11	4.0	2.0
chr1	197000001	200500000	internal88	2.0	2.0
chr1	197000001	200500000	internal70	2.0	2.0
chr1	197000001	200500000	A96123A-R24-C53	2.0	2.0
chr1	197000001	200500000	A96123A-R24-C37	2.0	1.0
chr1	197000001	200500000	A96123A-R21-C36	2.0	1.0
chr1	197000001	200500000	A96167B-R37-C09	2.0	2.0
chr1	197000001	200500000	A96167B-R56-C15	4.0	3.0
chr1	200500001	201000000	internal225	2.0	1.0
chr1	200500001	201000000	internal191	2.0	1.0
chr1	200500001	201000000	internal90	2.5	1.0
chr1	200500001	201000000	internal96	2.0	1.5
chr1	200500001	201000000	A96167B-R43-C11	3.0	0.0
chr1	200500001	201000000	internal88	2.0	1.5
chr1	200500001	201000000	internal70	2.0	2.0
chr1	200500001	201000000	A96123A-R24-C53	2.0	1.0
chr1	200500001	201000000	A96123A-R24-C37	2.0	1.0
chr1	200500001	201000000	A96123A-R21-C36	2.0	1.0
chr1	200500001	201000000	A96167B-R37-C09	2.0	2.0
chr1	200500001	201000000	A96167B-R56-C15	3.0	2.0
chr1	201000001	208500000	internal225	2.0	1.0
chr1	201000001	208500000	internal191	2.0	1.0
chr1	201000001	208500000	internal90	2.0	1.0
chr1	201000001	208500000	internal96	1.5	1.0
chr1	201000001	208500000	A96167B-R43-C11	2.0	1.0
chr1	201000001	208500000	internal88	2.0	1.0
chr1	201000001	208500000	internal70	2.0	1.0
chr1	201000001	208500000	A96123A-R24-C53	2.0	1.0
chr1	201000001	208500000	A96123A-R24-C37	2.0	0.0
chr1	201000001	208500000	A96123A-R21-C36	2.0	1.0
chr1	201000001	208500000	A96167B-R37-C09	2.0	1.0
chr1	201000001	208500000	A96167B-R56-C15	3.0	2.0
chr1	208500001	212500000	internal225	2.0	1.0
chr1	208500001	212500000	internal191	2.0	1.0
chr1	208500001	212500000	internal90	2.0	1.0
chr1	208500001	212500000	internal96	2.0	1.0
chr1	208500001	212500000	A96167B-R43-C11	2.0	1.0
chr1	208500001	212500000	internal88	2.0	1.0
chr1	208500001	212500000	internal70	2.0	1.0
chr1	208500001	212500000	A96123A-R24-C53	2.0	1.0
chr1	208500001	212500000	A96123A-R24-C37	2.0	0.0
chr1	208500001	212500000	A96123A-R21-C36	2.0	1.0
chr1	208500001	212500000	A96167B-R37-C09	2.0	1.0
chr1	208500001	212500000	A96167B-R56-C15	3.0	2.0
chr1	212500001	214500000	internal225	2.0	1.0
chr1	212500001	214500000	internal191	2.0	0.0
chr1	212500001	214500000	internal90	2.0	1.0
chr1	212500001	214500000	internal96	2.0	1.0
chr1	212500001	214500000	A96167B-R43-C11	2.0	1.0
chr1	212500001	214500000	internal88	2.0	1.0
chr1	212500001	214500000	internal70	2.0	1.0
chr1	212500001	214500000	A96123A-R24-C53	2.0	1.0
chr1	212500001	214500000	A96123A-R24-C37	2.0	0.0
chr1	212500001	214500000	A96123A-R21-C36	2.0	1.0
chr1	212500001	214500000	A96167B-R37-C09	1.0	2.0
chr1	212500001	214500000	A96167B-R56-C15	3.0	3.0
chr1	214500001	221000000	internal225	2.0	1.0
chr1	214500001	221000000	internal191	2.0	1.0
chr1	214500001	221000000	internal90	2.5	1.0
chr1	214500001	221000000	internal96	2.0	1.0
chr1	214500001	221000000	A96167B-R43-C11	2.0	1.0
chr1	214500001	221000000	internal88	2.0	1.0
chr1	214500001	221000000	internal70	2.0	1.0
chr1	214500001	221000000	A96123A-R24-C53	2.0	1.0
chr1	214500001	221000000	A96123A-R24-C37	2.0	0.0
chr1	214500001	221000000	A96123A-R21-C36	2.0	1.0
chr1	214500001	221000000	A96167B-R37-C09	2.0	1.0
chr1	214500001	221000000	A96167B-R56-C15	3.0	3.0
chr1	221000001	221500000	internal225	3.0	1.0
chr1	221000001	221500000	internal191	2.0	1.0
chr1	221000001	221500000	internal90	2.5	1.0
chr1	221000001	221500000	internal96	2.0	1.0
chr1	221000001	221500000	A96167B-R43-C11	4.0	1.0
chr1	221000001	221500000	internal88	2.0	1.0
chr1	221000001	221500000	internal70	2.0	1.0
chr1	221000001	221500000	A96123A-R24-C53	4.0	1.0
chr1	221000001	221500000	A96123A-R24-C37	2.0	1.0
chr1	221000001	221500000	A96123A-R21-C36	3.0	1.0
chr1	221000001	221500000	A96167B-R37-C09	4.0	1.0
chr1	221000001	221500000	A96167B-R56-C15	3.0	3.0
chr1	221500001	222500000	internal225	3.0	2.0
chr1	221500001	222500000	internal191	2.5	1.0
chr1	221500001	222500000	internal90	3.0	1.5
chr1	221500001	222500000	internal96	3.0	1.0
chr1	221500001	222500000	A96167B-R43-C11	4.0	1.0
chr1	221500001	222500000	internal88	3.0	1.0
chr1	221500001	222500000	internal70	3.0	1.0
chr1	221500001	222500000	A96123A-R24-C53	4.0	1.0
chr1	221500001	222500000	A96123A-R24-C37	2.0	1.0
chr1	221500001	222500000	A96123A-R21-C36	3.0	1.0
chr1	221500001	222500000	A96167B-R37-C09	4.0	1.0
chr1	221500001	222500000	A96167B-R56-C15	3.0	3.0
chr1	224500001	228500000	internal225	3.0	2.0
chr1	224500001	228500000	internal191	2.0	2.0
chr1	224500001	228500000	internal90	3.0	2.0
chr1	224500001	228500000	internal96	2.5	2.0
chr1	224500001	228500000	A96167B-R43-C11	4.0	1.0
chr1	224500001	228500000	internal88	2.5	2.0
chr1	224500001	228500000	internal70	3.0	1.0
chr1	224500001	228500000	A96123A-R24-C53	4.0	1.0
chr1	224500001	228500000	A96123A-R24-C37	3.0	1.0
chr1	224500001	228500000	A96123A-R21-C36	3.0	1.0
chr1	224500001	228500000	A96167B-R37-C09	4.0	1.0
chr1	224500001	228500000	A96167B-R56-C15	3.0	3.0
chr1	229000001	230500000	internal225	3.0	2.0
chr1	229000001	230500000	internal191	2.0	2.0
chr1	229000001	230500000	internal90	3.0	2.0
chr1	229000001	230500000	internal96	2.5	2.0
chr1	229000001	230500000	A96167B-R43-C11	3.0	2.0
chr1	229000001	230500000	internal88	3.0	2.0
chr1	229000001	230500000	internal70	3.0	2.0
chr1	229000001	230500000	A96123A-R24-C53	4.0	1.0
chr1	229000001	230500000	A96123A-R24-C37	3.0	1.0
chr1	229000001	230500000	A96123A-R21-C36	3.0	1.0
chr1	229000001	230500000	A96167B-R37-C09	4.0	1.0
chr1	229000001	230500000	A96167B-R56-C15	3.0	3.0
chr1	230500001	235000000	internal225	3.0	1.0
chr1	230500001	235000000	internal191	2.0	1.0
chr1	230500001	235000000	internal90	3.0	1.0
chr1	230500001	235000000	internal96	3.0	1.0
chr1	230500001	235000000	A96167B-R43-C11	4.0	1.0
chr1	230500001	235000000	internal88	3.0	1.0
chr1	230500001	235000000	internal70	3.0	1.0
chr1	230500001	235000000	A96123A-R24-C53	3.0	1.0
chr1	230500001	235000000	A96123A-R24-C37	2.0	1.0
chr1	230500001	235000000	A96123A-R21-C36	3.0	1.0
chr1	230500001	235000000	A96167B-R37-C09	4.0	1.0
chr1	230500001	235000000	A96167B-R56-C15	3.0	3.0
chr1	235500001	238500000	internal225	3.0	1.0
chr1	235500001	238500000	internal191	2.0	1.0
chr1	235500001	238500000	internal90	3.0	1.0
chr1	235500001	238500000	internal96	3.0	1.0
chr1	235500001	238500000	A96167B-R43-C11	4.0	1.0
chr1	235500001	238500000	internal88	3.0	1.0
chr1	235500001	238500000	internal70	3.0	1.0
chr1	235500001	238500000	A96123A-R24-C53	3.0	1.0
chr1	235500001	238500000	A96123A-R24-C37	2.0	1.0
chr1	235500001	238500000	A96123A-R21-C36	3.0	1.0
chr1	235500001	238500000	A96167B-R37-C09	3.0	1.0
chr1	235500001	238500000	A96167B-R56-C15	4.0	2.0
chr1	238500001	239500000	internal225	3.0	1.0
chr1	238500001	239500000	internal191	2.0	1.0
chr1	238500001	239500000	internal90	3.0	1.0
chr1	238500001	239500000	internal96	3.0	1.0
chr1	238500001	239500000	A96167B-R43-C11	4.0	1.0
chr1	238500001	239500000	internal88	3.0	1.0
chr1	238500001	239500000	internal70	3.0	1.0
chr1	238500001	239500000	A96123A-R24-C53	3.0	1.0
chr1	238500001	239500000	A96123A-R24-C37	2.0	1.0
chr1	238500001	239500000	A96123A-R21-C36	3.0	1.0
chr1	238500001	239500000	A96167B-R37-C09	3.0	1.0
chr1	238500001	239500000	A96167B-R56-C15	4.0	2.0
chr1	240000001	246500000	internal225	3.0	1.0
chr1	240000001	246500000	internal191	2.0	1.0
chr1	240000001	246500000	internal90	3.0	1.0
chr1	240000001	246500000	internal96	3.0	1.0
chr1	240000001	246500000	A96167B-R43-C11	4.0	1.0
chr1	240000001	246500000	internal88	3.0	1.0
chr1	240000001	246500000	internal70	3.0	1.0
chr1	240000001	246500000	A96123A-R24-C53	3.0	1.0
chr1	240000001	246500000	A96123A-R24-C37	2.0	1.0
chr1	240000001	246500000	A96123A-R21-C36	3.0	1.0
chr1	240000001	246500000	A96167B-R37-C09	3.0	1.0
chr1	240000001	246500000	A96167B-R56-C15	4.0	2.0
chr10	2000001	11500000	internal225	4.0	1.0
chr10	2000001	11500000	internal191	3.0	1.0
chr10	2000001	11500000	internal90	3.5	1.0
chr10	2000001	11500000	internal96	3.0	1.0
chr10	2000001	11500000	A96167B-R43-C11	5.0	1.0
chr10	2000001	11500000	internal88	4.0	1.0
chr10	2000001	11500000	internal70	4.0	1.0
chr10	2000001	11500000	A96123A-R24-C53	4.0	1.0
chr10	2000001	11500000	A96123A-R24-C37	4.0	1.0
chr10	2000001	11500000	A96123A-R21-C36	3.0	1.0
chr10	2000001	11500000	A96167B-R37-C09	3.0	1.0
chr10	2000001	11500000	A96167B-R56-C15	3.0	1.0
chr10	11500001	12000000	internal225	4.0	1.0
chr10	11500001	12000000	internal191	3.0	1.0
chr10	11500001	12000000	internal90	3.5	1.0
chr10	11500001	12000000	internal96	3.0	1.0
chr10	11500001	12000000	A96167B-R43-C11	5.0	1.0
chr10	11500001	12000000	internal88	4.0	1.0
chr10	11500001	12000000	internal70	4.0	1.0
chr10	11500001	12000000	A96123A-R24-C53	4.0	1.0
chr10	11500001	12000000	A96123A-R24-C37	4.0	1.0
chr10	11500001	12000000	A96123A-R21-C36	3.0	1.0
chr10	11500001	12000000	A96167B-R37-C09	3.0	1.0
chr10	11500001	12000000	A96167B-R56-C15	2.0	1.0
chr10	12000001	13500000	internal225	4.0	1.0
chr10	12000001	13500000	internal191	3.0	1.0
chr10	12000001	13500000	internal90	3.5	1.0
chr10	12000001	13500000	internal96	3.0	1.0
chr10	12000001	13500000	A96167B-R43-C11	5.0	1.0
chr10	12000001	13500000	internal88	4.0	1.0
chr10	12000001	13500000	internal70	4.0	1.0
chr10	12000001	13500000	A96123A-R24-C53	3.0	1.0
chr10	12000001	13500000	A96123A-R24-C37	4.0	1.0
chr10	12000001	13500000	A96123A-R21-C36	3.0	1.0
chr10	12000001	13500000	A96167B-R37-C09	3.0	1.0
chr10	12000001	13500000	A96167B-R56-C15	2.0	1.0
chr10	13500001	14000000	internal225	4.0	1.0
chr10	13500001	14000000	internal191	3.0	1.0
chr10	13500001	14000000	internal90	3.5	1.0
chr10	13500001	14000000	internal96	3.0	1.0
chr10	13500001	14000000	A96167B-R43-C11	5.0	1.0
chr10	13500001	14000000	internal88	4.0	1.0
chr10	13500001	14000000	internal70	4.0	1.0
chr10	13500001	14000000	A96123A-R24-C53	3.0	1.0
chr10	13500001	14000000	A96123A-R24-C37	4.0	1.0
chr10	13500001	14000000	A96123A-R21-C36	3.0	1.0
chr10	13500001	14000000	A96167B-R37-C09	3.0	1.0
chr10	13500001	14000000	A96167B-R56-C15	2.0	1.0
chr10	14000001	14500000	internal225	4.0	1.0
chr10	14000001	14500000	internal191	3.0	1.0
chr10	14000001	14500000	internal90	3.5	1.0
chr10	14000001	14500000	internal96	2.0	1.0
chr10	14000001	14500000	A96167B-R43-C11	5.0	1.0
chr10	14000001	14500000	internal88	3.0	1.0
chr10	14000001	14500000	internal70	3.0	1.0
chr10	14000001	14500000	A96123A-R24-C53	3.0	1.0
chr10	14000001	14500000	A96123A-R24-C37	3.0	1.0
chr10	14000001	14500000	A96123A-R21-C36	3.0	1.0
chr10	14000001	14500000	A96167B-R37-C09	3.0	1.0
chr10	14000001	14500000	A96167B-R56-C15	2.0	1.0
chr10	14500001	29000000	internal225	3.0	1.0
chr10	14500001	29000000	internal191	3.0	1.0
chr10	14500001	29000000	internal90	3.5	1.0
chr10	14500001	29000000	internal96	2.5	1.0
chr10	14500001	29000000	A96167B-R43-C11	4.0	1.0
chr10	14500001	29000000	internal88	3.0	1.0
chr10	14500001	29000000	internal70	2.0	1.0
chr10	14500001	29000000	A96123A-R24-C53	3.0	1.0
chr10	14500001	29000000	A96123A-R24-C37	3.0	1.0
chr10	14500001	29000000	A96123A-R21-C36	3.0	1.0
chr10	14500001	29000000	A96167B-R37-C09	3.0	1.0
chr10	14500001	29000000	A96167B-R56-C15	2.0	1.0
chr10	29000001	35000000	internal225	3.0	2.0
chr10	29000001	35000000	internal191	3.0	2.0
chr10	29000001	35000000	internal90	3.0	2.0
chr10	29000001	35000000	internal96	2.0	1.5
chr10	29000001	35000000	A96167B-R43-C11	5.0	1.0
chr10	29000001	35000000	internal88	3.0	2.0
chr10	29000001	35000000	internal70	3.0	2.0
chr10	29000001	35000000	A96123A-R24-C53	4.0	1.0
chr10	29000001	35000000	A96123A-R24-C37	3.0	1.0
chr10	29000001	35000000	A96123A-R21-C36	3.0	1.0
chr10	29000001	35000000	A96167B-R37-C09	4.0	1.0
chr10	29000001	35000000	A96167B-R56-C15	1.0	2.0
chr10	49500001	54500000	internal225	2.0	0.0
chr10	49500001	54500000	internal191	2.0	0.0
chr10	49500001	54500000	internal90	2.0	0.0
chr10	49500001	54500000	internal96	2.0	0.0
chr10	49500001	54500000	A96167B-R43-C11	2.0	0.0
chr10	49500001	54500000	internal88	2.0	0.0
chr10	49500001	54500000	internal70	2.0	0.0
chr10	49500001	54500000	A96123A-R24-C53	2.0	0.0
chr10	49500001	54500000	A96123A-R24-C37	2.0	0.0
chr10	49500001	54500000	A96123A-R21-C36	2.0	0.0
chr10	49500001	54500000	A96167B-R37-C09	2.0	0.0
chr10	49500001	54500000	A96167B-R56-C15	1.0	1.0
chr10	54500001	55000000	internal225	2.0	0.0
chr10	54500001	55000000	internal191	2.0	0.0
chr10	54500001	55000000	internal90	2.0	0.0
chr10	54500001	55000000	internal96	2.0	0.0
chr10	54500001	55000000	A96167B-R43-C11	2.0	0.0
chr10	54500001	55000000	internal88	2.0	0.0
chr10	54500001	55000000	internal70	2.0	0.0
chr10	54500001	55000000	A96123A-R24-C53	2.0	0.0
chr10	54500001	55000000	A96123A-R24-C37	2.0	0.0
chr10	54500001	55000000	A96123A-R21-C36	2.0	0.0
chr10	54500001	55000000	A96167B-R37-C09	2.0	0.0
chr10	54500001	55000000	A96167B-R56-C15	1.0	1.0
chr10	55000001	60000000	internal225	2.0	0.0
chr10	55000001	60000000	internal191	2.0	0.0
chr10	55000001	60000000	internal90	2.0	0.0
chr10	55000001	60000000	internal96	2.0	0.0
chr10	55000001	60000000	A96167B-R43-C11	2.0	0.0
chr10	55000001	60000000	internal88	2.0	0.0
chr10	55000001	60000000	internal70	2.0	0.0
chr10	55000001	60000000	A96123A-R24-C53	2.0	0.0
chr10	55000001	60000000	A96123A-R24-C37	2.0	0.0
chr10	55000001	60000000	A96123A-R21-C36	2.0	0.0
chr10	55000001	60000000	A96167B-R37-C09	2.0	0.0
chr10	55000001	60000000	A96167B-R56-C15	1.0	1.0
chr10	60000001	60500000	internal225	2.0	0.0
chr10	60000001	60500000	internal191	2.0	0.0
chr10	60000001	60500000	internal90	2.0	0.0
chr10	60000001	60500000	internal96	2.0	0.0
chr10	60000001	60500000	A96167B-R43-C11	2.0	0.0
chr10	60000001	60500000	internal88	2.0	0.0
chr10	60000001	60500000	internal70	2.0	0.0
chr10	60000001	60500000	A96123A-R24-C53	2.0	0.0
chr10	60000001	60500000	A96123A-R24-C37	2.0	0.0
chr10	60000001	60500000	A96123A-R21-C36	2.0	0.0
chr10	60000001	60500000	A96167B-R37-C09	2.0	0.0
chr10	60000001	60500000	A96167B-R56-C15	1.0	1.0
chr10	60500001	61000000	internal225	2.0	0.0
chr10	60500001	61000000	internal191	2.0	0.0
chr10	60500001	61000000	internal90	2.0	0.0
chr10	60500001	61000000	internal96	2.0	0.0
chr10	60500001	61000000	A96167B-R43-C11	2.0	0.0
chr10	60500001	61000000	internal88	2.0	0.0
chr10	60500001	61000000	internal70	2.0	0.0
chr10	60500001	61000000	A96123A-R24-C53	2.0	0.0
chr10	60500001	61000000	A96123A-R24-C37	2.0	0.0
chr10	60500001	61000000	A96123A-R21-C36	2.0	0.0
chr10	60500001	61000000	A96167B-R37-C09	2.0	0.0
chr10	60500001	61000000	A96167B-R56-C15	1.0	1.0
chr10	61000001	61500000	internal225	2.0	0.0
chr10	61000001	61500000	internal191	2.0	0.0
chr10	61000001	61500000	internal90	2.0	0.0
chr10	61000001	61500000	internal96	2.0	0.0
chr10	61000001	61500000	A96167B-R43-C11	2.0	0.0
chr10	61000001	61500000	internal88	2.0	0.0
chr10	61000001	61500000	internal70	2.0	0.0
chr10	61000001	61500000	A96123A-R24-C53	2.0	0.0
chr10	61000001	61500000	A96123A-R24-C37	2.0	0.0
chr10	61000001	61500000	A96123A-R21-C36	2.0	0.0
chr10	61000001	61500000	A96167B-R37-C09	2.0	0.0
chr10	61000001	61500000	A96167B-R56-C15	1.0	1.0
chr10	61500001	71500000	internal225	2.0	0.0
chr10	61500001	71500000	internal191	2.0	0.0
chr10	61500001	71500000	internal90	2.0	0.0
chr10	61500001	71500000	internal96	2.0	0.0
chr10	61500001	71500000	A96167B-R43-C11	2.0	0.0
chr10	61500001	71500000	internal88	2.0	0.0
chr10	61500001	71500000	internal70	2.0	0.0
chr10	61500001	71500000	A96123A-R24-C53	2.0	0.0
chr10	61500001	71500000	A96123A-R24-C37	2.0	0.0
chr10	61500001	71500000	A96123A-R21-C36	2.0	0.0
chr10	61500001	71500000	A96167B-R37-C09	2.0	0.0
chr10	61500001	71500000	A96167B-R56-C15	1.0	2.0
chr10	71500001	88000000	internal225	2.0	0.0
chr10	71500001	88000000	internal191	2.0	0.0
chr10	71500001	88000000	internal90	2.0	0.0
chr10	71500001	88000000	internal96	2.0	0.0
chr10	71500001	88000000	A96167B-R43-C11	2.0	0.0
chr10	71500001	88000000	internal88	2.0	0.0
chr10	71500001	88000000	internal70	2.0	0.0
chr10	71500001	88000000	A96123A-R24-C53	2.0	0.0
chr10	71500001	88000000	A96123A-R24-C37	2.0	0.0
chr10	71500001	88000000	A96123A-R21-C36	2.0	0.0
chr10	71500001	88000000	A96167B-R37-C09	2.0	0.0
chr10	71500001	88000000	A96167B-R56-C15	1.0	2.0
chr10	88000001	97500000	internal225	2.0	0.0
chr10	88000001	97500000	internal191	3.0	0.0
chr10	88000001	97500000	internal90	2.0	0.0
chr10	88000001	97500000	internal96	2.0	0.0
chr10	88000001	97500000	A96167B-R43-C11	2.0	0.0
chr10	88000001	97500000	internal88	2.0	0.0
chr10	88000001	97500000	internal70	2.0	0.0
chr10	88000001	97500000	A96123A-R24-C53	2.0	0.0
chr10	88000001	97500000	A96123A-R24-C37	2.0	0.0
chr10	88000001	97500000	A96123A-R21-C36	2.0	0.0
chr10	88000001	97500000	A96167B-R37-C09	2.0	0.0
chr10	88000001	97500000	A96167B-R56-C15	1.0	2.0
chr10	97500001	98000000	internal225	2.0	0.0
chr10	97500001	98000000	internal191	3.0	0.0
chr10	97500001	98000000	internal90	2.0	0.0
chr10	97500001	98000000	internal96	2.0	0.0
chr10	97500001	98000000	A96167B-R43-C11	2.0	0.0
chr10	97500001	98000000	internal88	2.0	0.0
chr10	97500001	98000000	internal70	2.0	0.0
chr10	97500001	98000000	A96123A-R24-C53	2.0	0.0
chr10	97500001	98000000	A96123A-R24-C37	2.0	0.0
chr10	97500001	98000000	A96123A-R21-C36	2.0	0.0
chr10	97500001	98000000	A96167B-R37-C09	2.0	0.0
chr10	97500001	98000000	A96167B-R56-C15	1.0	2.0
chr10	98000001	103500000	internal225	2.0	0.0
chr10	98000001	103500000	internal191	2.0	0.0
chr10	98000001	103500000	internal90	2.0	0.0
chr10	98000001	103500000	internal96	2.0	0.0
chr10	98000001	103500000	A96167B-R43-C11	2.0	0.0
chr10	98000001	103500000	internal88	2.0	0.0
chr10	98000001	103500000	internal70	2.0	0.0
chr10	98000001	103500000	A96123A-R24-C53	2.0	0.0
chr10	98000001	103500000	A96123A-R24-C37	2.0	0.0
chr10	98000001	103500000	A96123A-R21-C36	2.0	0.0
chr10	98000001	103500000	A96167B-R37-C09	2.0	0.0
chr10	98000001	103500000	A96167B-R56-C15	1.0	1.0
chr10	103500001	116000000	internal225	2.0	0.0
chr10	103500001	116000000	internal191	2.0	0.0
chr10	103500001	116000000	internal90	2.0	0.0
chr10	103500001	116000000	internal96	2.0	0.0
chr10	103500001	116000000	A96167B-R43-C11	2.0	0.0
chr10	103500001	116000000	internal88	2.0	0.0
chr10	103500001	116000000	internal70	2.0	0.0
chr10	103500001	116000000	A96123A-R24-C53	2.0	0.0
chr10	103500001	116000000	A96123A-R24-C37	2.0	0.0
chr10	103500001	116000000	A96123A-R21-C36	2.0	0.0
chr10	103500001	116000000	A96167B-R37-C09	2.0	0.0
chr10	103500001	116000000	A96167B-R56-C15	1.0	1.0
chr10	116000001	116500000	internal225	2.0	0.0
chr10	116000001	116500000	internal191	2.0	0.0
chr10	116000001	116500000	internal90	2.0	0.0
chr10	116000001	116500000	internal96	2.0	0.0
chr10	116000001	116500000	A96167B-R43-C11	2.0	0.0
chr10	116000001	116500000	internal88	2.0	0.0
chr10	116000001	116500000	internal70	2.0	0.0
chr10	116000001	116500000	A96123A-R24-C53	2.0	0.0
chr10	116000001	116500000	A96123A-R24-C37	2.0	0.0
chr10	116000001	116500000	A96123A-R21-C36	2.0	0.0
chr10	116000001	116500000	A96167B-R37-C09	2.0	0.0
chr10	116000001	116500000	A96167B-R56-C15	1.0	1.0
chr10	116500001	119500000	internal225	2.0	0.0
chr10	116500001	119500000	internal191	2.0	0.0
chr10	116500001	119500000	internal90	2.0	0.0
chr10	116500001	119500000	internal96	2.0	0.0
chr10	116500001	119500000	A96167B-R43-C11	2.0	0.0
chr10	116500001	119500000	internal88	2.0	0.0
chr10	116500001	119500000	internal70	2.0	0.0
chr10	116500001	119500000	A96123A-R24-C53	2.0	0.0
chr10	116500001	119500000	A96123A-R24-C37	1.0	1.0
chr10	116500001	119500000	A96123A-R21-C36	2.0	0.0
chr10	116500001	119500000	A96167B-R37-C09	2.0	0.0
chr10	116500001	119500000	A96167B-R56-C15	1.0	1.0
chr10	119500001	125500000	internal225	2.0	0.0
chr10	119500001	125500000	internal191	2.0	0.0
chr10	119500001	125500000	internal90	2.0	0.0
chr10	119500001	125500000	internal96	2.0	0.0
chr10	119500001	125500000	A96167B-R43-C11	2.0	0.0
chr10	119500001	125500000	internal88	2.0	0.0
chr10	119500001	125500000	internal70	2.0	0.0
chr10	119500001	125500000	A96123A-R24-C53	2.0	0.0
chr10	119500001	125500000	A96123A-R24-C37	2.0	0.0
chr10	119500001	125500000	A96123A-R21-C36	2.0	0.0
chr10	119500001	125500000	A96167B-R37-C09	2.0	0.0
chr10	119500001	125500000	A96167B-R56-C15	1.0	1.0
chr10	126000001	133000000	internal225	2.0	0.0
chr10	126000001	133000000	internal191	2.0	0.0
chr10	126000001	133000000	internal90	2.0	0.0
chr10	126000001	133000000	internal96	2.0	0.0
chr10	126000001	133000000	A96167B-R43-C11	2.0	0.0
chr10	126000001	133000000	internal88	2.0	0.0
chr10	126000001	133000000	internal70	2.0	0.0
chr10	126000001	133000000	A96123A-R24-C53	2.0	0.0
chr10	126000001	133000000	A96123A-R24-C37	2.0	0.0
chr10	126000001	133000000	A96123A-R21-C36	2.0	0.0
chr10	126000001	133000000	A96167B-R37-C09	2.0	0.0
chr10	126000001	133000000	A96167B-R56-C15	1.0	1.0
chr11	2000001	13000000	internal225	2.0	0.0
chr11	2000001	13000000	internal191	2.0	0.0
chr11	2000001	13000000	internal90	1.5	0.0
chr11	2000001	13000000	internal96	2.0	0.0
chr11	2000001	13000000	A96167B-R43-C11	2.0	0.0
chr11	2000001	13000000	internal88	2.0	0.0
chr11	2000001	13000000	internal70	2.0	0.0
chr11	2000001	13000000	A96123A-R24-C53	2.0	0.0
chr11	2000001	13000000	A96123A-R24-C37	1.0	0.0
chr11	2000001	13000000	A96123A-R21-C36	2.0	0.0
chr11	2000001	13000000	A96167B-R37-C09	2.0	0.0
chr11	2000001	13000000	A96167B-R56-C15	0.0	3.0
chr11	13000001	13500000	internal225	2.0	0.0
chr11	13000001	13500000	internal191	2.0	0.0
chr11	13000001	13500000	internal90	1.5	0.0
chr11	13000001	13500000	internal96	2.0	0.0
chr11	13000001	13500000	A96167B-R43-C11	2.0	0.0
chr11	13000001	13500000	internal88	2.0	0.0
chr11	13000001	13500000	internal70	2.0	0.0
chr11	13000001	13500000	A96123A-R24-C53	2.0	0.0
chr11	13000001	13500000	A96123A-R24-C37	1.0	0.0
chr11	13000001	13500000	A96123A-R21-C36	2.0	0.0
chr11	13000001	13500000	A96167B-R37-C09	3.0	0.0
chr11	13000001	13500000	A96167B-R56-C15	0.0	3.0
chr11	14000001	18000000	internal225	2.0	0.0
chr11	14000001	18000000	internal191	1.0	0.0
chr11	14000001	18000000	internal90	1.5	0.0
chr11	14000001	18000000	internal96	2.0	0.0
chr11	14000001	18000000	A96167B-R43-C11	2.0	0.0
chr11	14000001	18000000	internal88	2.0	0.0
chr11	14000001	18000000	internal70	2.0	0.0
chr11	14000001	18000000	A96123A-R24-C53	2.0	0.0
chr11	14000001	18000000	A96123A-R24-C37	1.0	0.0
chr11	14000001	18000000	A96123A-R21-C36	2.0	0.0
chr11	14000001	18000000	A96167B-R37-C09	3.0	0.0
chr11	14000001	18000000	A96167B-R56-C15	0.0	3.0
chr11	18000001	30500000	internal225	2.0	0.0
chr11	18000001	30500000	internal191	2.0	0.0
chr11	18000001	30500000	internal90	1.5	0.0
chr11	18000001	30500000	internal96	2.0	0.0
chr11	18000001	30500000	A96167B-R43-C11	2.0	0.0
chr11	18000001	30500000	internal88	2.0	0.0
chr11	18000001	30500000	internal70	2.0	0.0
chr11	18000001	30500000	A96123A-R24-C53	2.0	0.0
chr11	18000001	30500000	A96123A-R24-C37	1.0	0.0
chr11	18000001	30500000	A96123A-R21-C36	2.0	0.0
chr11	18000001	30500000	A96167B-R37-C09	2.0	0.0
chr11	18000001	30500000	A96167B-R56-C15	1.0	2.0
chr11	30500001	31000000	internal225	2.0	0.0
chr11	30500001	31000000	internal191	2.0	0.0
chr11	30500001	31000000	internal90	1.5	0.0
chr11	30500001	31000000	internal96	2.0	0.0
chr11	30500001	31000000	A96167B-R43-C11	2.0	0.0
chr11	30500001	31000000	internal88	2.0	0.0
chr11	30500001	31000000	internal70	2.0	0.0
chr11	30500001	31000000	A96123A-R24-C53	2.0	0.0
chr11	30500001	31000000	A96123A-R24-C37	1.0	0.0
chr11	30500001	31000000	A96123A-R21-C36	2.0	0.0
chr11	30500001	31000000	A96167B-R37-C09	2.0	0.0
chr11	30500001	31000000	A96167B-R56-C15	1.0	3.0
chr11	31500001	33500000	internal225	3.0	2.0
chr11	31500001	33500000	internal191	2.0	2.0
chr11	31500001	33500000	internal90	2.0	2.5
chr11	31500001	33500000	internal96	2.0	2.0
chr11	31500001	33500000	A96167B-R43-C11	5.0	1.0
chr11	31500001	33500000	internal88	2.5	2.0
chr11	31500001	33500000	internal70	3.0	2.0
chr11	31500001	33500000	A96123A-R24-C53	4.0	1.0
chr11	31500001	33500000	A96123A-R24-C37	2.0	1.0
chr11	31500001	33500000	A96123A-R21-C36	2.0	2.0
chr11	31500001	33500000	A96167B-R37-C09	2.0	2.0
chr11	31500001	33500000	A96167B-R56-C15	2.0	2.0
chr11	33500001	39000000	internal225	3.0	2.0
chr11	33500001	39000000	internal191	2.0	2.0
chr11	33500001	39000000	internal90	3.0	1.5
chr11	33500001	39000000	internal96	2.5	2.0
chr11	33500001	39000000	A96167B-R43-C11	4.0	2.0
chr11	33500001	39000000	internal88	2.0	2.0
chr11	33500001	39000000	internal70	3.0	2.0
chr11	33500001	39000000	A96123A-R24-C53	3.0	2.0
chr11	33500001	39000000	A96123A-R24-C37	3.0	1.0
chr11	33500001	39000000	A96123A-R21-C36	2.0	3.0
chr11	33500001	39000000	A96167B-R37-C09	2.0	2.0
chr11	33500001	39000000	A96167B-R56-C15	3.0	1.0
chr11	39000001	39500000	internal225	3.0	2.0
chr11	39000001	39500000	internal191	2.0	2.0
chr11	39000001	39500000	internal90	3.0	1.5
chr11	39000001	39500000	internal96	2.5	2.0
chr11	39000001	39500000	A96167B-R43-C11	4.0	2.0
chr11	39000001	39500000	internal88	2.5	2.0
chr11	39000001	39500000	internal70	3.0	2.0
chr11	39000001	39500000	A96123A-R24-C53	3.0	2.0
chr11	39000001	39500000	A96123A-R24-C37	3.0	1.0
chr11	39000001	39500000	A96123A-R21-C36	2.0	3.0
chr11	39000001	39500000	A96167B-R37-C09	3.0	1.0
chr11	39000001	39500000	A96167B-R56-C15	3.0	1.0
chr11	40000001	42500000	internal225	3.0	2.0
chr11	40000001	42500000	internal191	2.0	2.0
chr11	40000001	42500000	internal90	3.0	1.5
chr11	40000001	42500000	internal96	2.5	2.0
chr11	40000001	42500000	A96167B-R43-C11	4.0	2.0
chr11	40000001	42500000	internal88	2.5	2.0
chr11	40000001	42500000	internal70	3.0	2.0
chr11	40000001	42500000	A96123A-R24-C53	3.0	2.0
chr11	40000001	42500000	A96123A-R24-C37	3.0	1.0
chr11	40000001	42500000	A96123A-R21-C36	3.0	2.0
chr11	40000001	42500000	A96167B-R37-C09	2.0	2.0
chr11	40000001	42500000	A96167B-R56-C15	3.0	1.0
chr11	42500001	47500000	internal225	2.0	2.0
chr11	42500001	47500000	internal191	1.0	2.0
chr11	42500001	47500000	internal90	2.0	1.5
chr11	42500001	47500000	internal96	2.0	1.5
chr11	42500001	47500000	A96167B-R43-C11	2.0	2.0
chr11	42500001	47500000	internal88	2.0	2.0
chr11	42500001	47500000	internal70	2.0	2.0
chr11	42500001	47500000	A96123A-R24-C53	2.0	2.0
chr11	42500001	47500000	A96123A-R24-C37	2.0	1.0
chr11	42500001	47500000	A96123A-R21-C36	2.0	2.0
chr11	42500001	47500000	A96167B-R37-C09	1.0	2.0
chr11	42500001	47500000	A96167B-R56-C15	4.0	1.0
chr11	58500001	60000000	internal225	2.0	2.0
chr11	58500001	60000000	internal191	1.0	2.0
chr11	58500001	60000000	internal90	2.0	1.5
chr11	58500001	60000000	internal96	2.0	2.0
chr11	58500001	60000000	A96167B-R43-C11	2.0	2.0
chr11	58500001	60000000	internal88	2.0	2.0
chr11	58500001	60000000	internal70	2.0	2.0
chr11	58500001	60000000	A96123A-R24-C53	2.0	2.0
chr11	58500001	60000000	A96123A-R24-C37	2.0	1.0
chr11	58500001	60000000	A96123A-R21-C36	2.0	2.0
chr11	58500001	60000000	A96167B-R37-C09	1.0	2.0
chr11	58500001	60000000	A96167B-R56-C15	3.0	1.0
chr11	61500001	68500000	internal225	5.0	2.0
chr11	61500001	68500000	internal191	4.0	2.0
chr11	61500001	68500000	internal90	4.0	1.5
chr11	61500001	68500000	internal96	4.0	2.0
chr11	61500001	68500000	A96167B-R43-C11	5.0	2.0
chr11	61500001	68500000	internal88	5.0	2.0
chr11	61500001	68500000	internal70	5.0	2.0
chr11	61500001	68500000	A96123A-R24-C53	4.0	2.0
chr11	61500001	68500000	A96123A-R24-C37	4.0	1.0
chr11	61500001	68500000	A96123A-R21-C36	4.0	2.0
chr11	61500001	68500000	A96167B-R37-C09	5.0	2.0
chr11	61500001	68500000	A96167B-R56-C15	2.0	2.0
chr11	68500001	71000000	internal225	5.0	2.0
chr11	68500001	71000000	internal191	4.0	2.0
chr11	68500001	71000000	internal90	4.0	1.5
chr11	68500001	71000000	internal96	4.5	1.5
chr11	68500001	71000000	A96167B-R43-C11	5.0	2.0
chr11	68500001	71000000	internal88	5.0	2.0
chr11	68500001	71000000	internal70	5.0	2.0
chr11	68500001	71000000	A96123A-R24-C53	4.0	2.0
chr11	68500001	71000000	A96123A-R24-C37	5.0	1.0
chr11	68500001	71000000	A96123A-R21-C36	4.0	2.0
chr11	68500001	71000000	A96167B-R37-C09	5.0	2.0
chr11	68500001	71000000	A96167B-R56-C15	3.0	2.0
chr11	71000001	78000000	internal225	5.0	2.0
chr11	71000001	78000000	internal191	4.0	2.0
chr11	71000001	78000000	internal90	4.0	1.5
chr11	71000001	78000000	internal96	4.0	2.0
chr11	71000001	78000000	A96167B-R43-C11	5.0	2.0
chr11	71000001	78000000	internal88	5.0	2.0
chr11	71000001	78000000	internal70	5.0	2.0
chr11	71000001	78000000	A96123A-R24-C53	4.0	2.0
chr11	71000001	78000000	A96123A-R24-C37	5.0	1.0
chr11	71000001	78000000	A96123A-R21-C36	4.0	2.0
chr11	71000001	78000000	A96167B-R37-C09	5.0	2.0
chr11	71000001	78000000	A96167B-R56-C15	4.0	2.0
chr11	78500001	79500000	internal225	5.0	2.0
chr11	78500001	79500000	internal191	3.0	2.0
chr11	78500001	79500000	internal90	3.5	1.5
chr11	78500001	79500000	internal96	4.5	1.5
chr11	78500001	79500000	A96167B-R43-C11	5.0	2.0
chr11	78500001	79500000	internal88	3.5	2.0
chr11	78500001	79500000	internal70	4.0	2.0
chr11	78500001	79500000	A96123A-R24-C53	4.0	2.0
chr11	78500001	79500000	A96123A-R24-C37	5.0	1.0
chr11	78500001	79500000	A96123A-R21-C36	4.0	2.0
chr11	78500001	79500000	A96167B-R37-C09	5.0	2.0
chr11	78500001	79500000	A96167B-R56-C15	3.0	2.0
chr11	79500001	81500000	internal225	4.0	2.0
chr11	79500001	81500000	internal191	3.0	2.0
chr11	79500001	81500000	internal90	3.5	1.5
chr11	79500001	81500000	internal96	3.5	2.0
chr11	79500001	81500000	A96167B-R43-C11	5.0	2.0
chr11	79500001	81500000	internal88	3.0	2.0
chr11	79500001	81500000	internal70	3.0	2.0
chr11	79500001	81500000	A96123A-R24-C53	4.0	2.0
chr11	79500001	81500000	A96123A-R24-C37	3.0	1.0
chr11	79500001	81500000	A96123A-R21-C36	4.0	2.0
chr11	79500001	81500000	A96167B-R37-C09	5.0	2.0
chr11	79500001	81500000	A96167B-R56-C15	3.0	2.0
chr11	82000001	82500000	internal225	3.0	2.0
chr11	82000001	82500000	internal191	3.0	2.0
chr11	82000001	82500000	internal90	2.5	1.5
chr11	82000001	82500000	internal96	3.0	2.0
chr11	82000001	82500000	A96167B-R43-C11	3.0	2.0
chr11	82000001	82500000	internal88	3.0	2.0
chr11	82000001	82500000	internal70	3.0	2.0
chr11	82000001	82500000	A96123A-R24-C53	3.0	2.0
chr11	82000001	82500000	A96123A-R24-C37	3.0	1.0
chr11	82000001	82500000	A96123A-R21-C36	3.0	2.0
chr11	82000001	82500000	A96167B-R37-C09	5.0	2.0
chr11	82000001	82500000	A96167B-R56-C15	3.0	2.0
chr11	82500001	83000000	internal225	3.0	2.0
chr11	82500001	83000000	internal191	2.5	2.0
chr11	82500001	83000000	internal90	2.5	1.5
chr11	82500001	83000000	internal96	3.0	2.0
chr11	82500001	83000000	A96167B-R43-C11	3.0	2.0
chr11	82500001	83000000	internal88	3.0	2.0
chr11	82500001	83000000	internal70	3.0	2.0
chr11	82500001	83000000	A96123A-R24-C53	3.0	2.0
chr11	82500001	83000000	A96123A-R24-C37	3.0	1.0
chr11	82500001	83000000	A96123A-R21-C36	3.0	2.0
chr11	82500001	83000000	A96167B-R37-C09	5.0	2.0
chr11	82500001	83000000	A96167B-R56-C15	1.0	2.0
chr11	83000001	96000000	internal225	3.0	2.0
chr11	83000001	96000000	internal191	2.0	2.0
chr11	83000001	96000000	internal90	2.5	1.5
chr11	83000001	96000000	internal96	3.0	2.0
chr11	83000001	96000000	A96167B-R43-C11	3.0	2.0
chr11	83000001	96000000	internal88	2.0	2.0
chr11	83000001	96000000	internal70	3.0	2.0
chr11	83000001	96000000	A96123A-R24-C53	3.0	2.0
chr11	83000001	96000000	A96123A-R24-C37	3.0	1.0
chr11	83000001	96000000	A96123A-R21-C36	3.0	2.0
chr11	83000001	96000000	A96167B-R37-C09	3.0	2.0
chr11	83000001	96000000	A96167B-R56-C15	2.0	2.0
chr11	97000001	97500000	internal225	3.0	2.0
chr11	97000001	97500000	internal191	3.0	2.0
chr11	97000001	97500000	internal90	3.0	1.5
chr11	97000001	97500000	internal96	3.0	2.0
chr11	97000001	97500000	A96167B-R43-C11	3.0	2.0
chr11	97000001	97500000	internal88	3.0	2.0
chr11	97000001	97500000	internal70	3.0	2.0
chr11	97000001	97500000	A96123A-R24-C53	2.0	2.0
chr11	97000001	97500000	A96123A-R24-C37	3.0	1.0
chr11	97000001	97500000	A96123A-R21-C36	3.0	2.0
chr11	97000001	97500000	A96167B-R37-C09	3.0	2.0
chr11	97000001	97500000	A96167B-R56-C15	2.0	1.0
chr11	97500001	100000000	internal225	3.0	2.0
chr11	97500001	100000000	internal191	3.0	2.0
chr11	97500001	100000000	internal90	3.0	1.5
chr11	97500001	100000000	internal96	3.0	2.0
chr11	97500001	100000000	A96167B-R43-C11	3.0	2.0
chr11	97500001	100000000	internal88	3.0	2.0
chr11	97500001	100000000	internal70	3.0	2.0
chr11	97500001	100000000	A96123A-R24-C53	2.0	2.0
chr11	97500001	100000000	A96123A-R24-C37	3.0	1.0
chr11	97500001	100000000	A96123A-R21-C36	3.0	2.0
chr11	97500001	100000000	A96167B-R37-C09	3.0	2.0
chr11	97500001	100000000	A96167B-R56-C15	2.0	1.0
chr11	100500001	101000000	internal225	3.0	2.0
chr11	100500001	101000000	internal191	3.0	2.0
chr11	100500001	101000000	internal90	3.0	1.5
chr11	100500001	101000000	internal96	3.0	2.0
chr11	100500001	101000000	A96167B-R43-C11	3.0	2.0
chr11	100500001	101000000	internal88	3.0	2.0
chr11	100500001	101000000	internal70	3.0	2.0
chr11	100500001	101000000	A96123A-R24-C53	2.0	2.0
chr11	100500001	101000000	A96123A-R24-C37	3.0	1.0
chr11	100500001	101000000	A96123A-R21-C36	3.0	2.0
chr11	100500001	101000000	A96167B-R37-C09	3.0	2.0
chr11	100500001	101000000	A96167B-R56-C15	2.0	1.0
chr11	101000001	103500000	internal225	3.0	2.0
chr11	101000001	103500000	internal191	3.0	2.0
chr11	101000001	103500000	internal90	3.0	1.5
chr11	101000001	103500000	internal96	3.0	2.0
chr11	101000001	103500000	A96167B-R43-C11	3.0	2.0
chr11	101000001	103500000	internal88	3.0	2.0
chr11	101000001	103500000	internal70	3.0	2.0
chr11	101000001	103500000	A96123A-R24-C53	2.0	2.0
chr11	101000001	103500000	A96123A-R24-C37	3.0	1.0
chr11	101000001	103500000	A96123A-R21-C36	3.0	2.0
chr11	101000001	103500000	A96167B-R37-C09	3.0	2.0
chr11	101000001	103500000	A96167B-R56-C15	2.0	1.0
chr11	103500001	104000000	internal225	3.0	2.0
chr11	103500001	104000000	internal191	3.0	2.0
chr11	103500001	104000000	internal90	3.0	1.5
chr11	103500001	104000000	internal96	3.0	2.0
chr11	103500001	104000000	A96167B-R43-C11	3.0	2.0
chr11	103500001	104000000	internal88	3.0	2.0
chr11	103500001	104000000	internal70	3.0	2.0
chr11	103500001	104000000	A96123A-R24-C53	2.0	1.0
chr11	103500001	104000000	A96123A-R24-C37	3.0	1.0
chr11	103500001	104000000	A96123A-R21-C36	3.0	2.0
chr11	103500001	104000000	A96167B-R37-C09	3.0	2.0
chr11	103500001	104000000	A96167B-R56-C15	2.0	1.0
chr11	104000001	104500000	internal225	3.0	2.0
chr11	104000001	104500000	internal191	2.5	1.5
chr11	104000001	104500000	internal90	2.5	1.5
chr11	104000001	104500000	internal96	2.5	1.5
chr11	104000001	104500000	A96167B-R43-C11	2.0	2.0
chr11	104000001	104500000	internal88	2.5	2.0
chr11	104000001	104500000	internal70	3.0	2.0
chr11	104000001	104500000	A96123A-R24-C53	2.0	1.0
chr11	104000001	104500000	A96123A-R24-C37	3.0	1.0
chr11	104000001	104500000	A96123A-R21-C36	3.0	2.0
chr11	104000001	104500000	A96167B-R37-C09	3.0	2.0
chr11	104000001	104500000	A96167B-R56-C15	2.0	1.0
chr11	104500001	113000000	internal225	3.0	1.0
chr11	104500001	113000000	internal191	3.0	1.0
chr11	104500001	113000000	internal90	3.0	1.0
chr11	104500001	113000000	internal96	3.0	1.0
chr11	104500001	113000000	A96167B-R43-C11	2.0	1.0
chr11	104500001	113000000	internal88	3.0	1.0
chr11	104500001	113000000	internal70	2.0	2.0
chr11	104500001	113000000	A96123A-R24-C53	2.0	1.0
chr11	104500001	113000000	A96123A-R24-C37	3.0	1.0
chr11	104500001	113000000	A96123A-R21-C36	2.0	2.0
chr11	104500001	113000000	A96167B-R37-C09	3.0	2.0
chr11	104500001	113000000	A96167B-R56-C15	2.0	1.0
chr11	113000001	116500000	internal225	3.0	1.0
chr11	113000001	116500000	internal191	3.0	1.0
chr11	113000001	116500000	internal90	3.0	1.0
chr11	113000001	116500000	internal96	3.0	1.0
chr11	113000001	116500000	A96167B-R43-C11	2.0	1.0
chr11	113000001	116500000	internal88	3.0	1.0
chr11	113000001	116500000	internal70	3.0	1.0
chr11	113000001	116500000	A96123A-R24-C53	2.0	1.0
chr11	113000001	116500000	A96123A-R24-C37	3.0	1.0
chr11	113000001	116500000	A96123A-R21-C36	2.0	2.0
chr11	113000001	116500000	A96167B-R37-C09	3.0	1.0
chr11	113000001	116500000	A96167B-R56-C15	2.0	1.0
chr11	116500001	118500000	internal225	3.0	1.0
chr11	116500001	118500000	internal191	2.0	1.0
chr11	116500001	118500000	internal90	3.0	1.0
chr11	116500001	118500000	internal96	3.0	1.0
chr11	116500001	118500000	A96167B-R43-C11	2.0	1.0
chr11	116500001	118500000	internal88	3.0	1.0
chr11	116500001	118500000	internal70	3.0	1.0
chr11	116500001	118500000	A96123A-R24-C53	2.0	1.0
chr11	116500001	118500000	A96123A-R24-C37	3.0	1.0
chr11	116500001	118500000	A96123A-R21-C36	2.0	2.0
chr11	116500001	118500000	A96167B-R37-C09	2.0	1.0
chr11	116500001	118500000	A96167B-R56-C15	2.0	1.0
chr11	118500001	126500000	internal225	3.0	1.0
chr11	118500001	126500000	internal191	2.0	1.0
chr11	118500001	126500000	internal90	3.0	1.0
chr11	118500001	126500000	internal96	3.0	1.0
chr11	118500001	126500000	A96167B-R43-C11	2.0	1.0
chr11	118500001	126500000	internal88	3.0	1.0
chr11	118500001	126500000	internal70	3.0	1.0
chr11	118500001	126500000	A96123A-R24-C53	2.0	1.0
chr11	118500001	126500000	A96123A-R24-C37	3.0	1.0
chr11	118500001	126500000	A96123A-R21-C36	3.0	1.0
chr11	118500001	126500000	A96167B-R37-C09	2.0	0.0
chr11	118500001	126500000	A96167B-R56-C15	2.0	1.0
chr11	126500001	133000000	internal225	3.0	1.0
chr11	126500001	133000000	internal191	2.0	1.0
chr11	126500001	133000000	internal90	3.0	1.0
chr11	126500001	133000000	internal96	2.5	1.0
chr11	126500001	133000000	A96167B-R43-C11	2.0	1.0
chr11	126500001	133000000	internal88	2.0	1.0
chr11	126500001	133000000	internal70	3.0	1.0
chr11	126500001	133000000	A96123A-R24-C53	2.0	1.0
chr11	126500001	133000000	A96123A-R24-C37	3.0	1.0
chr11	126500001	133000000	A96123A-R21-C36	2.0	2.0
chr11	126500001	133000000	A96167B-R37-C09	3.0	0.0
chr11	126500001	133000000	A96167B-R56-C15	2.0	1.0
chr12	2000001	6500000	internal225	2.0	1.0
chr12	2000001	6500000	internal191	2.0	0.0
chr12	2000001	6500000	internal90	2.5	1.0
chr12	2000001	6500000	internal96	2.0	1.0
chr12	2000001	6500000	A96167B-R43-C11	2.0	1.0
chr12	2000001	6500000	internal88	2.0	1.0
chr12	2000001	6500000	internal70	2.0	1.0
chr12	2000001	6500000	A96123A-R24-C53	2.0	1.0
chr12	2000001	6500000	A96123A-R24-C37	2.0	1.0
chr12	2000001	6500000	A96123A-R21-C36	2.0	1.0
chr12	2000001	6500000	A96167B-R37-C09	2.0	2.0
chr12	2000001	6500000	A96167B-R56-C15	2.0	1.0
chr12	6500001	7000000	internal225	2.0	1.0
chr12	6500001	7000000	internal191	2.0	0.0
chr12	6500001	7000000	internal90	2.5	1.0
chr12	6500001	7000000	internal96	2.0	1.0
chr12	6500001	7000000	A96167B-R43-C11	2.0	1.0
chr12	6500001	7000000	internal88	2.0	1.0
chr12	6500001	7000000	internal70	2.0	1.0
chr12	6500001	7000000	A96123A-R24-C53	2.0	1.0
chr12	6500001	7000000	A96123A-R24-C37	1.0	1.0
chr12	6500001	7000000	A96123A-R21-C36	2.0	1.0
chr12	6500001	7000000	A96167B-R37-C09	2.0	2.0
chr12	6500001	7000000	A96167B-R56-C15	2.0	1.0
chr12	7500001	21000000	internal225	2.0	1.0
chr12	7500001	21000000	internal191	2.0	0.0
chr12	7500001	21000000	internal90	2.5	1.0
chr12	7500001	21000000	internal96	2.0	1.0
chr12	7500001	21000000	A96167B-R43-C11	2.0	1.0
chr12	7500001	21000000	internal88	2.0	1.0
chr12	7500001	21000000	internal70	2.0	1.0
chr12	7500001	21000000	A96123A-R24-C53	2.0	1.0
chr12	7500001	21000000	A96123A-R24-C37	2.0	1.0
chr12	7500001	21000000	A96123A-R21-C36	2.0	1.0
chr12	7500001	21000000	A96167B-R37-C09	1.0	2.0
chr12	7500001	21000000	A96167B-R56-C15	2.0	1.0
chr12	22000001	28000000	internal225	2.0	1.0
chr12	22000001	28000000	internal191	2.0	0.0
chr12	22000001	28000000	internal90	2.5	1.0
chr12	22000001	28000000	internal96	2.0	1.0
chr12	22000001	28000000	A96167B-R43-C11	2.0	1.0
chr12	22000001	28000000	internal88	2.0	1.0
chr12	22000001	28000000	internal70	2.0	1.0
chr12	22000001	28000000	A96123A-R24-C53	2.0	1.0
chr12	22000001	28000000	A96123A-R24-C37	1.0	1.0
chr12	22000001	28000000	A96123A-R21-C36	2.0	1.0
chr12	22000001	28000000	A96167B-R37-C09	2.0	2.0
chr12	22000001	28000000	A96167B-R56-C15	2.0	1.0
chr12	28000001	30000000	internal225	2.0	0.0
chr12	28000001	30000000	internal191	2.0	0.0
chr12	28000001	30000000	internal90	2.5	0.0
chr12	28000001	30000000	internal96	2.0	0.0
chr12	28000001	30000000	A96167B-R43-C11	2.0	0.0
chr12	28000001	30000000	internal88	2.0	0.0
chr12	28000001	30000000	internal70	2.0	0.0
chr12	28000001	30000000	A96123A-R24-C53	2.0	0.0
chr12	28000001	30000000	A96123A-R24-C37	1.0	1.0
chr12	28000001	30000000	A96123A-R21-C36	1.0	1.0
chr12	28000001	30000000	A96167B-R37-C09	1.0	1.0
chr12	28000001	30000000	A96167B-R56-C15	1.0	1.0
chr12	30000001	30500000	internal225	2.0	0.0
chr12	30000001	30500000	internal191	2.0	0.0
chr12	30000001	30500000	internal90	2.5	0.0
chr12	30000001	30500000	internal96	2.0	0.0
chr12	30000001	30500000	A96167B-R43-C11	2.0	0.0
chr12	30000001	30500000	internal88	2.0	0.0
chr12	30000001	30500000	internal70	2.0	0.0
chr12	30000001	30500000	A96123A-R24-C53	2.0	0.0
chr12	30000001	30500000	A96123A-R24-C37	1.0	1.0
chr12	30000001	30500000	A96123A-R21-C36	2.0	0.0
chr12	30000001	30500000	A96167B-R37-C09	2.0	0.0
chr12	30000001	30500000	A96167B-R56-C15	2.0	0.0
chr12	41000001	48500000	internal225	2.0	0.0
chr12	41000001	48500000	internal191	2.0	0.0
chr12	41000001	48500000	internal90	2.0	0.0
chr12	41000001	48500000	internal96	2.0	0.0
chr12	41000001	48500000	A96167B-R43-C11	2.0	0.0
chr12	41000001	48500000	internal88	2.0	0.0
chr12	41000001	48500000	internal70	2.0	0.0
chr12	41000001	48500000	A96123A-R24-C53	2.0	0.0
chr12	41000001	48500000	A96123A-R24-C37	2.0	0.0
chr12	41000001	48500000	A96123A-R21-C36	2.0	0.0
chr12	41000001	48500000	A96167B-R37-C09	2.0	0.0
chr12	41000001	48500000	A96167B-R56-C15	2.0	0.0
chr12	49000001	55000000	internal225	2.0	0.0
chr12	49000001	55000000	internal191	2.0	0.0
chr12	49000001	55000000	internal90	2.0	0.0
chr12	49000001	55000000	internal96	2.0	0.0
chr12	49000001	55000000	A96167B-R43-C11	2.0	0.0
chr12	49000001	55000000	internal88	2.0	0.0
chr12	49000001	55000000	internal70	2.0	0.0
chr12	49000001	55000000	A96123A-R24-C53	2.0	0.0
chr12	49000001	55000000	A96123A-R24-C37	2.0	0.0
chr12	49000001	55000000	A96123A-R21-C36	2.0	0.0
chr12	49000001	55000000	A96167B-R37-C09	3.0	0.0
chr12	49000001	55000000	A96167B-R56-C15	2.0	0.0
chr12	56000001	60500000	internal225	5.0	0.0
chr12	56000001	60500000	internal191	5.0	0.0
chr12	56000001	60500000	internal90	4.5	0.0
chr12	56000001	60500000	internal96	5.0	0.0
chr12	56000001	60500000	A96167B-R43-C11	4.0	0.0
chr12	56000001	60500000	internal88	4.5	0.0
chr12	56000001	60500000	internal70	5.0	0.0
chr12	56000001	60500000	A96123A-R24-C53	5.0	0.0
chr12	56000001	60500000	A96123A-R24-C37	5.0	0.0
chr12	56000001	60500000	A96123A-R21-C36	5.0	0.0
chr12	56000001	60500000	A96167B-R37-C09	6.0	0.0
chr12	56000001	60500000	A96167B-R56-C15	1.0	0.0
chr12	60500001	61500000	internal225	6.0	0.0
chr12	60500001	61500000	internal191	5.0	0.0
chr12	60500001	61500000	internal90	5.5	0.0
chr12	60500001	61500000	internal96	6.0	0.0
chr12	60500001	61500000	A96167B-R43-C11	5.0	0.0
chr12	60500001	61500000	internal88	5.5	0.0
chr12	60500001	61500000	internal70	5.0	0.0
chr12	60500001	61500000	A96123A-R24-C53	5.0	0.0
chr12	60500001	61500000	A96123A-R24-C37	5.0	0.0
chr12	60500001	61500000	A96123A-R21-C36	5.0	0.0
chr12	60500001	61500000	A96167B-R37-C09	6.0	0.0
chr12	60500001	61500000	A96167B-R56-C15	2.0	0.0
chr12	62500001	63000000	internal225	6.0	0.0
chr12	62500001	63000000	internal191	5.0	0.0
chr12	62500001	63000000	internal90	6.0	0.0
chr12	62500001	63000000	internal96	6.0	0.0
chr12	62500001	63000000	A96167B-R43-C11	5.0	0.0
chr12	62500001	63000000	internal88	5.5	0.0
chr12	62500001	63000000	internal70	6.0	0.0
chr12	62500001	63000000	A96123A-R24-C53	5.0	0.0
chr12	62500001	63000000	A96123A-R24-C37	5.0	0.0
chr12	62500001	63000000	A96123A-R21-C36	5.0	0.0
chr12	62500001	63000000	A96167B-R37-C09	6.0	0.0
chr12	62500001	63000000	A96167B-R56-C15	2.0	0.0
chr12	63000001	67500000	internal225	6.0	0.0
chr12	63000001	67500000	internal191	5.0	0.0
chr12	63000001	67500000	internal90	6.0	0.0
chr12	63000001	67500000	internal96	6.0	0.0
chr12	63000001	67500000	A96167B-R43-C11	5.0	0.0
chr12	63000001	67500000	internal88	5.5	0.0
chr12	63000001	67500000	internal70	6.0	0.0
chr12	63000001	67500000	A96123A-R24-C53	5.0	0.0
chr12	63000001	67500000	A96123A-R24-C37	5.0	0.0
chr12	63000001	67500000	A96123A-R21-C36	5.0	0.0
chr12	63000001	67500000	A96167B-R37-C09	6.0	0.0
chr12	63000001	67500000	A96167B-R56-C15	2.0	0.0
chr12	67500001	71000000	internal225	6.0	0.0
chr12	67500001	71000000	internal191	6.0	0.0
chr12	67500001	71000000	internal90	6.0	0.0
chr12	67500001	71000000	internal96	6.0	0.0
chr12	67500001	71000000	A96167B-R43-C11	5.0	0.0
chr12	67500001	71000000	internal88	5.5	0.0
chr12	67500001	71000000	internal70	6.0	0.0
chr12	67500001	71000000	A96123A-R24-C53	5.0	0.0
chr12	67500001	71000000	A96123A-R24-C37	5.0	0.0
chr12	67500001	71000000	A96123A-R21-C36	5.0	0.0
chr12	67500001	71000000	A96167B-R37-C09	6.0	0.0
chr12	67500001	71000000	A96167B-R56-C15	2.0	0.0
chr12	71500001	72000000	internal225	2.0	0.0
chr12	71500001	72000000	internal191	4.0	0.0
chr12	71500001	72000000	internal90	2.0	0.0
chr12	71500001	72000000	internal96	4.0	0.0
chr12	71500001	72000000	A96167B-R43-C11	2.0	0.0
chr12	71500001	72000000	internal88	2.0	0.0
chr12	71500001	72000000	internal70	2.0	0.0
chr12	71500001	72000000	A96123A-R24-C53	2.0	0.0
chr12	71500001	72000000	A96123A-R24-C37	2.0	0.0
chr12	71500001	72000000	A96123A-R21-C36	5.0	0.0
chr12	71500001	72000000	A96167B-R37-C09	2.0	0.0
chr12	71500001	72000000	A96167B-R56-C15	2.0	0.0
chr12	72000001	73500000	internal225	2.0	0.0
chr12	72000001	73500000	internal191	3.0	0.0
chr12	72000001	73500000	internal90	2.0	0.0
chr12	72000001	73500000	internal96	2.0	0.0
chr12	72000001	73500000	A96167B-R43-C11	2.0	0.0
chr12	72000001	73500000	internal88	2.0	0.0
chr12	72000001	73500000	internal70	2.0	0.0
chr12	72000001	73500000	A96123A-R24-C53	2.0	0.0
chr12	72000001	73500000	A96123A-R24-C37	2.0	0.0
chr12	72000001	73500000	A96123A-R21-C36	3.0	0.0
chr12	72000001	73500000	A96167B-R37-C09	2.0	0.0
chr12	72000001	73500000	A96167B-R56-C15	2.0	0.0
chr12	74000001	82000000	internal225	2.0	0.0
chr12	74000001	82000000	internal191	3.0	0.0
chr12	74000001	82000000	internal90	2.0	0.0
chr12	74000001	82000000	internal96	2.0	0.0
chr12	74000001	82000000	A96167B-R43-C11	2.0	0.0
chr12	74000001	82000000	internal88	2.0	0.0
chr12	74000001	82000000	internal70	2.0	0.0
chr12	74000001	82000000	A96123A-R24-C53	2.0	0.0
chr12	74000001	82000000	A96123A-R24-C37	2.0	0.0
chr12	74000001	82000000	A96123A-R21-C36	2.0	0.0
chr12	74000001	82000000	A96167B-R37-C09	2.0	0.0
chr12	74000001	82000000	A96167B-R56-C15	2.0	0.0
chr12	82000001	90000000	internal225	2.0	0.0
chr12	82000001	90000000	internal191	3.0	0.0
chr12	82000001	90000000	internal90	2.0	0.0
chr12	82000001	90000000	internal96	2.0	0.0
chr12	82000001	90000000	A96167B-R43-C11	2.0	0.0
chr12	82000001	90000000	internal88	2.0	0.0
chr12	82000001	90000000	internal70	2.0	0.0
chr12	82000001	90000000	A96123A-R24-C53	2.0	0.0
chr12	82000001	90000000	A96123A-R24-C37	2.0	0.0
chr12	82000001	90000000	A96123A-R21-C36	2.0	0.0
chr12	82000001	90000000	A96167B-R37-C09	2.0	0.0
chr12	82000001	90000000	A96167B-R56-C15	3.0	0.0
chr12	90000001	104500000	internal225	2.0	0.0
chr12	90000001	104500000	internal191	3.0	0.0
chr12	90000001	104500000	internal90	2.0	0.0
chr12	90000001	104500000	internal96	2.0	0.0
chr12	90000001	104500000	A96167B-R43-C11	2.0	0.0
chr12	90000001	104500000	internal88	2.0	0.0
chr12	90000001	104500000	internal70	2.0	0.0
chr12	90000001	104500000	A96123A-R24-C53	2.0	0.0
chr12	90000001	104500000	A96123A-R24-C37	2.0	0.0
chr12	90000001	104500000	A96123A-R21-C36	2.0	0.0
chr12	90000001	104500000	A96167B-R37-C09	2.0	0.0
chr12	90000001	104500000	A96167B-R56-C15	3.0	0.0
chr12	104500001	111000000	internal225	2.0	0.0
chr12	104500001	111000000	internal191	3.0	0.0
chr12	104500001	111000000	internal90	2.0	0.0
chr12	104500001	111000000	internal96	2.0	0.0
chr12	104500001	111000000	A96167B-R43-C11	2.0	0.0
chr12	104500001	111000000	internal88	2.0	0.0
chr12	104500001	111000000	internal70	2.0	0.0
chr12	104500001	111000000	A96123A-R24-C53	2.0	0.0
chr12	104500001	111000000	A96123A-R24-C37	2.0	0.0
chr12	104500001	111000000	A96123A-R21-C36	2.0	0.0
chr12	104500001	111000000	A96167B-R37-C09	2.0	0.0
chr12	104500001	111000000	A96167B-R56-C15	3.0	0.0
chr12	111000001	121500000	internal225	2.0	0.0
chr12	111000001	121500000	internal191	2.0	0.0
chr12	111000001	121500000	internal90	2.0	0.0
chr12	111000001	121500000	internal96	2.0	0.0
chr12	111000001	121500000	A96167B-R43-C11	2.0	0.0
chr12	111000001	121500000	internal88	2.0	0.0
chr12	111000001	121500000	internal70	2.0	0.0
chr12	111000001	121500000	A96123A-R24-C53	2.0	0.0
chr12	111000001	121500000	A96123A-R24-C37	2.0	0.0
chr12	111000001	121500000	A96123A-R21-C36	2.0	0.0
chr12	111000001	121500000	A96167B-R37-C09	2.0	0.0
chr12	111000001	121500000	A96167B-R56-C15	2.0	0.0
chr12	121500001	122000000	internal225	2.0	0.0
chr12	121500001	122000000	internal191	2.0	0.0
chr12	121500001	122000000	internal90	2.0	0.0
chr12	121500001	122000000	internal96	2.0	0.0
chr12	121500001	122000000	A96167B-R43-C11	2.0	0.0
chr12	121500001	122000000	internal88	2.0	0.0
chr12	121500001	122000000	internal70	2.0	0.0
chr12	121500001	122000000	A96123A-R24-C53	2.0	0.0
chr12	121500001	122000000	A96123A-R24-C37	2.0	0.0
chr12	121500001	122000000	A96123A-R21-C36	2.0	0.0
chr12	121500001	122000000	A96167B-R37-C09	2.0	0.0
chr12	121500001	122000000	A96167B-R56-C15	2.0	0.0
chr12	122000001	123500000	internal225	2.0	0.0
chr12	122000001	123500000	internal191	2.0	0.0
chr12	122000001	123500000	internal90	2.0	0.0
chr12	122000001	123500000	internal96	2.0	0.0
chr12	122000001	123500000	A96167B-R43-C11	2.0	0.0
chr12	122000001	123500000	internal88	2.0	0.0
chr12	122000001	123500000	internal70	2.0	0.0
chr12	122000001	123500000	A96123A-R24-C53	2.0	0.0
chr12	122000001	123500000	A96123A-R24-C37	2.0	0.0
chr12	122000001	123500000	A96123A-R21-C36	2.0	0.0
chr12	122000001	123500000	A96167B-R37-C09	2.0	0.0
chr12	122000001	123500000	A96167B-R56-C15	2.0	0.0
chr12	123500001	124000000	internal225	2.0	0.0
chr12	123500001	124000000	internal191	2.0	0.0
chr12	123500001	124000000	internal90	2.0	0.0
chr12	123500001	124000000	internal96	2.0	0.0
chr12	123500001	124000000	A96167B-R43-C11	2.0	0.0
chr12	123500001	124000000	internal88	2.0	0.0
chr12	123500001	124000000	internal70	2.0	0.0
chr12	123500001	124000000	A96123A-R24-C53	2.0	0.0
chr12	123500001	124000000	A96123A-R24-C37	2.0	0.0
chr12	123500001	124000000	A96123A-R21-C36	2.0	0.0
chr12	123500001	124000000	A96167B-R37-C09	2.0	0.0
chr12	123500001	124000000	A96167B-R56-C15	2.0	0.0
chr12	124000001	132000000	internal225	2.0	0.0
chr12	124000001	132000000	internal191	2.0	0.0
chr12	124000001	132000000	internal90	2.0	0.0
chr12	124000001	132000000	internal96	2.0	0.0
chr12	124000001	132000000	A96167B-R43-C11	2.0	0.0
chr12	124000001	132000000	internal88	2.0	0.0
chr12	124000001	132000000	internal70	2.0	0.0
chr12	124000001	132000000	A96123A-R24-C53	2.0	0.0
chr12	124000001	132000000	A96123A-R24-C37	2.0	0.0
chr12	124000001	132000000	A96123A-R21-C36	2.0	0.0
chr12	124000001	132000000	A96167B-R37-C09	2.0	0.0
chr12	124000001	132000000	A96167B-R56-C15	2.0	0.0
chr13	22500001	25000000	internal225	2.0	0.0
chr13	22500001	25000000	internal191	2.0	0.0
chr13	22500001	25000000	internal90	2.0	0.0
chr13	22500001	25000000	internal96	2.0	0.0
chr13	22500001	25000000	A96167B-R43-C11	2.0	0.0
chr13	22500001	25000000	internal88	2.0	0.0
chr13	22500001	25000000	internal70	2.0	0.0
chr13	22500001	25000000	A96123A-R24-C53	2.0	0.0
chr13	22500001	25000000	A96123A-R24-C37	1.0	1.0
chr13	22500001	25000000	A96123A-R21-C36	2.0	0.0
chr13	22500001	25000000	A96167B-R37-C09	2.0	0.0
chr13	22500001	25000000	A96167B-R56-C15	3.0	2.0
chr13	25000001	26500000	internal225	2.0	0.0
chr13	25000001	26500000	internal191	2.0	0.0
chr13	25000001	26500000	internal90	2.0	0.0
chr13	25000001	26500000	internal96	2.0	0.0
chr13	25000001	26500000	A96167B-R43-C11	2.0	0.0
chr13	25000001	26500000	internal88	2.0	0.0
chr13	25000001	26500000	internal70	2.0	0.0
chr13	25000001	26500000	A96123A-R24-C53	2.0	0.0
chr13	25000001	26500000	A96123A-R24-C37	2.0	0.0
chr13	25000001	26500000	A96123A-R21-C36	2.0	0.0
chr13	25000001	26500000	A96167B-R37-C09	2.0	0.0
chr13	25000001	26500000	A96167B-R56-C15	3.0	1.0
chr13	26500001	43000000	internal225	2.0	0.0
chr13	26500001	43000000	internal191	2.0	0.0
chr13	26500001	43000000	internal90	2.0	0.0
chr13	26500001	43000000	internal96	2.0	0.0
chr13	26500001	43000000	A96167B-R43-C11	2.0	0.0
chr13	26500001	43000000	internal88	2.0	0.0
chr13	26500001	43000000	internal70	2.0	0.0
chr13	26500001	43000000	A96123A-R24-C53	2.0	0.0
chr13	26500001	43000000	A96123A-R24-C37	2.0	0.0
chr13	26500001	43000000	A96123A-R21-C36	2.0	0.0
chr13	26500001	43000000	A96167B-R37-C09	2.0	0.0
chr13	26500001	43000000	A96167B-R56-C15	3.0	1.0
chr13	43500001	55500000	internal225	2.0	0.0
chr13	43500001	55500000	internal191	2.0	0.0
chr13	43500001	55500000	internal90	2.0	0.0
chr13	43500001	55500000	internal96	2.0	0.0
chr13	43500001	55500000	A96167B-R43-C11	2.0	0.0
chr13	43500001	55500000	internal88	2.0	0.0
chr13	43500001	55500000	internal70	2.0	0.0
chr13	43500001	55500000	A96123A-R24-C53	2.0	0.0
chr13	43500001	55500000	A96123A-R24-C37	2.0	0.0
chr13	43500001	55500000	A96123A-R21-C36	2.0	0.0
chr13	43500001	55500000	A96167B-R37-C09	2.0	0.0
chr13	43500001	55500000	A96167B-R56-C15	3.0	1.0
chr13	55500001	56000000	internal225	2.0	0.0
chr13	55500001	56000000	internal191	2.0	0.0
chr13	55500001	56000000	internal90	2.0	0.0
chr13	55500001	56000000	internal96	1.5	0.0
chr13	55500001	56000000	A96167B-R43-C11	2.0	0.0
chr13	55500001	56000000	internal88	2.0	0.0
chr13	55500001	56000000	internal70	2.0	0.0
chr13	55500001	56000000	A96123A-R24-C53	2.0	0.0
chr13	55500001	56000000	A96123A-R24-C37	2.0	0.0
chr13	55500001	56000000	A96123A-R21-C36	2.0	0.0
chr13	55500001	56000000	A96167B-R37-C09	2.0	0.0
chr13	55500001	56000000	A96167B-R56-C15	3.0	0.0
chr13	56000001	67000000	internal225	2.0	0.0
chr13	56000001	67000000	internal191	2.0	0.0
chr13	56000001	67000000	internal90	2.0	0.0
chr13	56000001	67000000	internal96	1.5	0.0
chr13	56000001	67000000	A96167B-R43-C11	2.0	0.0
chr13	56000001	67000000	internal88	2.0	0.0
chr13	56000001	67000000	internal70	2.0	0.0
chr13	56000001	67000000	A96123A-R24-C53	2.0	0.0
chr13	56000001	67000000	A96123A-R24-C37	2.0	0.0
chr13	56000001	67000000	A96123A-R21-C36	2.0	0.0
chr13	56000001	67000000	A96167B-R37-C09	2.0	0.0
chr13	56000001	67000000	A96167B-R56-C15	3.0	0.0
chr13	67000001	84500000	internal225	2.0	0.0
chr13	67000001	84500000	internal191	2.0	0.0
chr13	67000001	84500000	internal90	2.0	0.0
chr13	67000001	84500000	internal96	1.0	0.0
chr13	67000001	84500000	A96167B-R43-C11	2.0	0.0
chr13	67000001	84500000	internal88	2.0	0.0
chr13	67000001	84500000	internal70	2.0	0.0
chr13	67000001	84500000	A96123A-R24-C53	2.0	0.0
chr13	67000001	84500000	A96123A-R24-C37	2.0	0.0
chr13	67000001	84500000	A96123A-R21-C36	2.0	0.0
chr13	67000001	84500000	A96167B-R37-C09	2.0	0.0
chr13	67000001	84500000	A96167B-R56-C15	3.0	0.0
chr13	84500001	86500000	internal225	2.0	1.0
chr13	84500001	86500000	internal191	2.0	1.0
chr13	84500001	86500000	internal90	1.5	1.0
chr13	84500001	86500000	internal96	1.0	1.0
chr13	84500001	86500000	A96167B-R43-C11	1.0	1.0
chr13	84500001	86500000	internal88	2.0	0.0
chr13	84500001	86500000	internal70	2.0	0.0
chr13	84500001	86500000	A96123A-R24-C53	1.0	1.0
chr13	84500001	86500000	A96123A-R24-C37	2.0	0.0
chr13	84500001	86500000	A96123A-R21-C36	2.0	0.0
chr13	84500001	86500000	A96167B-R37-C09	2.0	0.0
chr13	84500001	86500000	A96167B-R56-C15	3.0	0.0
chr13	87000001	90000000	internal225	2.0	0.0
chr13	87000001	90000000	internal191	2.0	0.0
chr13	87000001	90000000	internal90	2.0	0.0
chr13	87000001	90000000	internal96	1.0	0.0
chr13	87000001	90000000	A96167B-R43-C11	1.0	1.0
chr13	87000001	90000000	internal88	2.0	0.0
chr13	87000001	90000000	internal70	2.0	0.0
chr13	87000001	90000000	A96123A-R24-C53	1.0	1.0
chr13	87000001	90000000	A96123A-R24-C37	1.0	1.0
chr13	87000001	90000000	A96123A-R21-C36	2.0	0.0
chr13	87000001	90000000	A96167B-R37-C09	2.0	0.0
chr13	87000001	90000000	A96167B-R56-C15	3.0	0.0
chr13	90000001	90500000	internal225	2.0	0.0
chr13	90000001	90500000	internal191	2.0	0.0
chr13	90000001	90500000	internal90	2.0	0.0
chr13	90000001	90500000	internal96	1.0	0.0
chr13	90000001	90500000	A96167B-R43-C11	1.0	1.0
chr13	90000001	90500000	internal88	2.0	0.0
chr13	90000001	90500000	internal70	2.0	0.0
chr13	90000001	90500000	A96123A-R24-C53	1.0	1.0
chr13	90000001	90500000	A96123A-R24-C37	1.0	1.0
chr13	90000001	90500000	A96123A-R21-C36	2.0	0.0
chr13	90000001	90500000	A96167B-R37-C09	2.0	0.0
chr13	90000001	90500000	A96167B-R56-C15	3.0	0.0
chr13	90500001	91000000	internal225	2.0	0.0
chr13	90500001	91000000	internal191	2.0	0.0
chr13	90500001	91000000	internal90	2.0	0.0
chr13	90500001	91000000	internal96	1.0	0.0
chr13	90500001	91000000	A96167B-R43-C11	1.0	1.0
chr13	90500001	91000000	internal88	2.0	0.0
chr13	90500001	91000000	internal70	2.0	0.0
chr13	90500001	91000000	A96123A-R24-C53	2.0	0.0
chr13	90500001	91000000	A96123A-R24-C37	1.0	1.0
chr13	90500001	91000000	A96123A-R21-C36	2.0	0.0
chr13	90500001	91000000	A96167B-R37-C09	2.0	0.0
chr13	90500001	91000000	A96167B-R56-C15	3.0	0.0
chr13	91000001	92500000	internal225	1.0	1.0
chr13	91000001	92500000	internal191	1.5	1.0
chr13	91000001	92500000	internal90	1.0	1.0
chr13	91000001	92500000	internal96	1.0	1.0
chr13	91000001	92500000	A96167B-R43-C11	1.0	1.0
chr13	91000001	92500000	internal88	1.0	1.0
chr13	91000001	92500000	internal70	2.0	0.0
chr13	91000001	92500000	A96123A-R24-C53	2.0	0.0
chr13	91000001	92500000	A96123A-R24-C37	1.0	1.0
chr13	91000001	92500000	A96123A-R21-C36	1.0	1.0
chr13	91000001	92500000	A96167B-R37-C09	2.0	0.0
chr13	91000001	92500000	A96167B-R56-C15	3.0	0.0
chr13	92500001	97000000	internal225	1.0	1.0
chr13	92500001	97000000	internal191	1.0	1.0
chr13	92500001	97000000	internal90	1.0	1.0
chr13	92500001	97000000	internal96	1.0	1.0
chr13	92500001	97000000	A96167B-R43-C11	1.0	1.0
chr13	92500001	97000000	internal88	1.0	1.0
chr13	92500001	97000000	internal70	1.0	1.0
chr13	92500001	97000000	A96123A-R24-C53	1.0	1.0
chr13	92500001	97000000	A96123A-R24-C37	1.0	1.0
chr13	92500001	97000000	A96123A-R21-C36	1.0	1.0
chr13	92500001	97000000	A96167B-R37-C09	0.0	2.0
chr13	92500001	97000000	A96167B-R56-C15	3.0	1.0
chr13	97000001	97500000	internal225	1.0	1.0
chr13	97000001	97500000	internal191	1.0	1.0
chr13	97000001	97500000	internal90	1.0	1.0
chr13	97000001	97500000	internal96	1.0	1.0
chr13	97000001	97500000	A96167B-R43-C11	1.0	1.0
chr13	97000001	97500000	internal88	1.0	1.0
chr13	97000001	97500000	internal70	1.0	1.0
chr13	97000001	97500000	A96123A-R24-C53	1.0	1.0
chr13	97000001	97500000	A96123A-R24-C37	1.0	1.0
chr13	97000001	97500000	A96123A-R21-C36	1.0	1.0
chr13	97000001	97500000	A96167B-R37-C09	2.0	0.0
chr13	97000001	97500000	A96167B-R56-C15	2.0	3.0
chr13	97500001	100000000	internal225	1.0	1.0
chr13	97500001	100000000	internal191	1.0	1.0
chr13	97500001	100000000	internal90	1.0	1.0
chr13	97500001	100000000	internal96	1.0	1.0
chr13	97500001	100000000	A96167B-R43-C11	1.0	1.0
chr13	97500001	100000000	internal88	1.0	1.0
chr13	97500001	100000000	internal70	1.0	1.0
chr13	97500001	100000000	A96123A-R24-C53	1.0	1.0
chr13	97500001	100000000	A96123A-R24-C37	1.0	1.0
chr13	97500001	100000000	A96123A-R21-C36	1.0	1.0
chr13	97500001	100000000	A96167B-R37-C09	2.0	0.0
chr13	97500001	100000000	A96167B-R56-C15	2.0	3.0
chr13	100000001	100500000	internal225	1.0	1.0
chr13	100000001	100500000	internal191	1.0	1.0
chr13	100000001	100500000	internal90	1.0	1.0
chr13	100000001	100500000	internal96	1.0	1.0
chr13	100000001	100500000	A96167B-R43-C11	1.0	1.0
chr13	100000001	100500000	internal88	1.0	1.0
chr13	100000001	100500000	internal70	1.0	1.0
chr13	100000001	100500000	A96123A-R24-C53	1.0	1.0
chr13	100000001	100500000	A96123A-R24-C37	1.0	1.0
chr13	100000001	100500000	A96123A-R21-C36	1.0	1.0
chr13	100000001	100500000	A96167B-R37-C09	1.0	1.0
chr13	100000001	100500000	A96167B-R56-C15	2.0	3.0
chr13	100500001	112000000	internal225	1.0	1.0
chr13	100500001	112000000	internal191	1.0	1.0
chr13	100500001	112000000	internal90	1.0	1.0
chr13	100500001	112000000	internal96	1.0	1.0
chr13	100500001	112000000	A96167B-R43-C11	1.0	1.0
chr13	100500001	112000000	internal88	1.0	1.0
chr13	100500001	112000000	internal70	1.0	1.0
chr13	100500001	112000000	A96123A-R24-C53	1.0	1.0
chr13	100500001	112000000	A96123A-R24-C37	1.0	1.0
chr13	100500001	112000000	A96123A-R21-C36	1.0	1.0
chr13	100500001	112000000	A96167B-R37-C09	1.0	1.0
chr13	100500001	112000000	A96167B-R56-C15	2.0	3.0
chr14	22000001	28000000	internal225	2.0	0.0
chr14	22000001	28000000	internal191	2.0	0.0
chr14	22000001	28000000	internal90	2.0	0.0
chr14	22000001	28000000	internal96	1.5	0.0
chr14	22000001	28000000	A96167B-R43-C11	1.0	0.0
chr14	22000001	28000000	internal88	2.0	0.0
chr14	22000001	28000000	internal70	2.0	0.0
chr14	22000001	28000000	A96123A-R24-C53	2.0	0.0
chr14	22000001	28000000	A96123A-R24-C37	2.0	0.0
chr14	22000001	28000000	A96123A-R21-C36	2.0	0.0
chr14	22000001	28000000	A96167B-R37-C09	2.0	0.0
chr14	22000001	28000000	A96167B-R56-C15	3.0	1.0
chr14	28000001	40000000	internal225	3.0	0.0
chr14	28000001	40000000	internal191	3.0	0.0
chr14	28000001	40000000	internal90	3.0	0.0
chr14	28000001	40000000	internal96	2.0	0.0
chr14	28000001	40000000	A96167B-R43-C11	3.0	0.0
chr14	28000001	40000000	internal88	3.0	0.0
chr14	28000001	40000000	internal70	3.0	0.0
chr14	28000001	40000000	A96123A-R24-C53	3.0	0.0
chr14	28000001	40000000	A96123A-R24-C37	3.0	0.0
chr14	28000001	40000000	A96123A-R21-C36	3.0	0.0
chr14	28000001	40000000	A96167B-R37-C09	3.0	0.0
chr14	28000001	40000000	A96167B-R56-C15	3.0	1.0
chr14	41000001	50500000	internal225	3.0	0.0
chr14	41000001	50500000	internal191	3.0	0.0
chr14	41000001	50500000	internal90	3.0	0.0
chr14	41000001	50500000	internal96	2.0	0.0
chr14	41000001	50500000	A96167B-R43-C11	3.0	0.0
chr14	41000001	50500000	internal88	3.0	0.0
chr14	41000001	50500000	internal70	3.0	0.0
chr14	41000001	50500000	A96123A-R24-C53	3.0	0.0
chr14	41000001	50500000	A96123A-R24-C37	2.0	0.0
chr14	41000001	50500000	A96123A-R21-C36	3.0	0.0
chr14	41000001	50500000	A96167B-R37-C09	3.0	0.0
chr14	41000001	50500000	A96167B-R56-C15	2.0	2.0
chr14	50500001	65000000	internal225	2.0	0.0
chr14	50500001	65000000	internal191	2.0	0.0
chr14	50500001	65000000	internal90	2.0	0.0
chr14	50500001	65000000	internal96	1.5	0.0
chr14	50500001	65000000	A96167B-R43-C11	2.0	0.0
chr14	50500001	65000000	internal88	2.0	0.0
chr14	50500001	65000000	internal70	2.0	0.0
chr14	50500001	65000000	A96123A-R24-C53	2.0	0.0
chr14	50500001	65000000	A96123A-R24-C37	1.0	1.0
chr14	50500001	65000000	A96123A-R21-C36	2.0	0.0
chr14	50500001	65000000	A96167B-R37-C09	2.0	0.0
chr14	50500001	65000000	A96167B-R56-C15	1.0	2.0
chr14	65000001	83500000	internal225	2.0	0.0
chr14	65000001	83500000	internal191	2.0	0.0
chr14	65000001	83500000	internal90	2.0	0.0
chr14	65000001	83500000	internal96	2.0	0.0
chr14	65000001	83500000	A96167B-R43-C11	2.0	0.0
chr14	65000001	83500000	internal88	2.0	0.0
chr14	65000001	83500000	internal70	2.0	0.0
chr14	65000001	83500000	A96123A-R24-C53	2.0	0.0
chr14	65000001	83500000	A96123A-R24-C37	2.0	0.0
chr14	65000001	83500000	A96123A-R21-C36	2.0	0.0
chr14	65000001	83500000	A96167B-R37-C09	2.0	0.0
chr14	65000001	83500000	A96167B-R56-C15	0.0	2.0
chr14	83500001	104500000	internal225	3.0	0.0
chr14	83500001	104500000	internal191	2.0	0.0
chr14	83500001	104500000	internal90	3.5	0.0
chr14	83500001	104500000	internal96	4.0	0.0
chr14	83500001	104500000	A96167B-R43-C11	4.0	0.0
chr14	83500001	104500000	internal88	3.0	0.0
chr14	83500001	104500000	internal70	3.0	0.0
chr14	83500001	104500000	A96123A-R24-C53	4.0	0.0
chr14	83500001	104500000	A96123A-R24-C37	3.0	0.0
chr14	83500001	104500000	A96123A-R21-C36	4.0	0.0
chr14	83500001	104500000	A96167B-R37-C09	4.0	0.0
chr14	83500001	104500000	A96167B-R56-C15	0.0	2.0
chr15	25000001	27500000	internal225	2.0	1.0
chr15	25000001	27500000	internal191	2.0	0.0
chr15	25000001	27500000	internal90	2.0	1.0
chr15	25000001	27500000	internal96	2.0	1.0
chr15	25000001	27500000	A96167B-R43-C11	2.0	1.0
chr15	25000001	27500000	internal88	2.0	1.0
chr15	25000001	27500000	internal70	2.0	1.0
chr15	25000001	27500000	A96123A-R24-C53	2.0	1.0
chr15	25000001	27500000	A96123A-R24-C37	2.0	1.0
chr15	25000001	27500000	A96123A-R21-C36	2.0	1.0
chr15	25000001	27500000	A96167B-R37-C09	1.0	3.0
chr15	25000001	27500000	A96167B-R56-C15	2.0	1.0
chr15	27500001	28000000	internal225	2.0	1.0
chr15	27500001	28000000	internal191	2.0	0.0
chr15	27500001	28000000	internal90	2.0	1.0
chr15	27500001	28000000	internal96	2.0	1.0
chr15	27500001	28000000	A96167B-R43-C11	2.0	1.0
chr15	27500001	28000000	internal88	2.0	1.0
chr15	27500001	28000000	internal70	2.0	1.0
chr15	27500001	28000000	A96123A-R24-C53	2.0	1.0
chr15	27500001	28000000	A96123A-R24-C37	2.0	1.0
chr15	27500001	28000000	A96123A-R21-C36	2.0	1.0
chr15	27500001	28000000	A96167B-R37-C09	2.0	2.0
chr15	27500001	28000000	A96167B-R56-C15	2.0	1.0
chr15	29500001	34500000	internal225	2.0	1.0
chr15	29500001	34500000	internal191	2.0	0.5
chr15	29500001	34500000	internal90	2.0	1.0
chr15	29500001	34500000	internal96	1.5	1.0
chr15	29500001	34500000	A96167B-R43-C11	2.0	1.0
chr15	29500001	34500000	internal88	2.0	1.0
chr15	29500001	34500000	internal70	2.0	1.0
chr15	29500001	34500000	A96123A-R24-C53	2.0	1.0
chr15	29500001	34500000	A96123A-R24-C37	1.0	1.0
chr15	29500001	34500000	A96123A-R21-C36	1.0	1.0
chr15	29500001	34500000	A96167B-R37-C09	2.0	1.0
chr15	29500001	34500000	A96167B-R56-C15	1.0	1.0
chr15	35000001	35500000	internal225	2.0	0.0
chr15	35000001	35500000	internal191	2.0	0.0
chr15	35000001	35500000	internal90	1.0	0.0
chr15	35000001	35500000	internal96	2.5	0.0
chr15	35000001	35500000	A96167B-R43-C11	1.0	1.0
chr15	35000001	35500000	internal88	2.0	0.0
chr15	35000001	35500000	internal70	1.0	0.0
chr15	35000001	35500000	A96123A-R24-C53	1.0	1.0
chr15	35000001	35500000	A96123A-R24-C37	1.0	1.0
chr15	35000001	35500000	A96123A-R21-C36	2.0	0.0
chr15	35000001	35500000	A96167B-R37-C09	3.0	0.0
chr15	35000001	35500000	A96167B-R56-C15	1.0	0.0
chr15	35500001	48000000	internal225	1.0	0.0
chr15	35500001	48000000	internal191	2.0	0.0
chr15	35500001	48000000	internal90	1.0	0.0
chr15	35500001	48000000	internal96	1.0	0.0
chr15	35500001	48000000	A96167B-R43-C11	1.0	0.0
chr15	35500001	48000000	internal88	1.0	0.0
chr15	35500001	48000000	internal70	1.0	0.0
chr15	35500001	48000000	A96123A-R24-C53	1.0	0.0
chr15	35500001	48000000	A96123A-R24-C37	1.0	0.0
chr15	35500001	48000000	A96123A-R21-C36	1.0	0.0
chr15	35500001	48000000	A96167B-R37-C09	1.0	0.0
chr15	35500001	48000000	A96167B-R56-C15	1.0	0.0
chr15	48000001	52500000	internal225	2.0	0.0
chr15	48000001	52500000	internal191	3.0	0.0
chr15	48000001	52500000	internal90	2.0	0.0
chr15	48000001	52500000	internal96	2.0	0.0
chr15	48000001	52500000	A96167B-R43-C11	2.0	0.0
chr15	48000001	52500000	internal88	2.0	0.0
chr15	48000001	52500000	internal70	2.0	0.0
chr15	48000001	52500000	A96123A-R24-C53	2.0	0.0
chr15	48000001	52500000	A96123A-R24-C37	2.0	0.0
chr15	48000001	52500000	A96123A-R21-C36	2.0	0.0
chr15	48000001	52500000	A96167B-R37-C09	2.0	0.0
chr15	48000001	52500000	A96167B-R56-C15	1.0	0.0
chr15	52500001	58000000	internal225	3.0	0.0
chr15	52500001	58000000	internal191	3.0	0.0
chr15	52500001	58000000	internal90	3.0	0.0
chr15	52500001	58000000	internal96	3.0	0.0
chr15	52500001	58000000	A96167B-R43-C11	3.0	0.0
chr15	52500001	58000000	internal88	2.0	0.0
chr15	52500001	58000000	internal70	3.0	0.0
chr15	52500001	58000000	A96123A-R24-C53	3.0	0.0
chr15	52500001	58000000	A96123A-R24-C37	2.0	0.0
chr15	52500001	58000000	A96123A-R21-C36	2.0	0.0
chr15	52500001	58000000	A96167B-R37-C09	3.0	0.0
chr15	52500001	58000000	A96167B-R56-C15	1.0	0.0
chr15	58000001	58500000	internal225	3.0	2.0
chr15	58000001	58500000	internal191	3.0	1.0
chr15	58000001	58500000	internal90	3.0	0.5
chr15	58000001	58500000	internal96	3.5	1.5
chr15	58000001	58500000	A96167B-R43-C11	2.0	2.0
chr15	58000001	58500000	internal88	2.0	1.0
chr15	58000001	58500000	internal70	4.0	0.0
chr15	58000001	58500000	A96123A-R24-C53	5.0	0.0
chr15	58000001	58500000	A96123A-R24-C37	2.0	0.0
chr15	58000001	58500000	A96123A-R21-C36	2.0	1.0
chr15	58000001	58500000	A96167B-R37-C09	3.0	0.0
chr15	58000001	58500000	A96167B-R56-C15	1.0	0.0
chr15	58500001	63000000	internal225	3.0	2.0
chr15	58500001	63000000	internal191	3.0	1.0
chr15	58500001	63000000	internal90	3.0	2.0
chr15	58500001	63000000	internal96	3.0	2.0
chr15	58500001	63000000	A96167B-R43-C11	2.0	2.0
chr15	58500001	63000000	internal88	2.0	1.5
chr15	58500001	63000000	internal70	3.0	2.0
chr15	58500001	63000000	A96123A-R24-C53	3.0	2.0
chr15	58500001	63000000	A96123A-R24-C37	1.0	3.0
chr15	58500001	63000000	A96123A-R21-C36	2.0	1.0
chr15	58500001	63000000	A96167B-R37-C09	2.0	1.0
chr15	58500001	63000000	A96167B-R56-C15	1.0	1.0
chr15	63000001	65000000	internal225	2.0	1.0
chr15	63000001	65000000	internal191	3.0	1.0
chr15	63000001	65000000	internal90	2.0	2.0
chr15	63000001	65000000	internal96	2.0	2.0
chr15	63000001	65000000	A96167B-R43-C11	2.0	2.0
chr15	63000001	65000000	internal88	2.0	1.0
chr15	63000001	65000000	internal70	3.0	2.0
chr15	63000001	65000000	A96123A-R24-C53	3.0	1.0
chr15	63000001	65000000	A96123A-R24-C37	2.0	1.0
chr15	63000001	65000000	A96123A-R21-C36	2.0	1.0
chr15	63000001	65000000	A96167B-R37-C09	3.0	1.0
chr15	63000001	65000000	A96167B-R56-C15	1.0	2.0
chr15	65000001	72000000	internal225	3.0	1.0
chr15	65000001	72000000	internal191	3.0	1.0
chr15	65000001	72000000	internal90	3.0	1.0
chr15	65000001	72000000	internal96	3.0	1.0
chr15	65000001	72000000	A96167B-R43-C11	3.0	1.0
chr15	65000001	72000000	internal88	2.5	1.0
chr15	65000001	72000000	internal70	3.0	1.0
chr15	65000001	72000000	A96123A-R24-C53	3.0	1.0
chr15	65000001	72000000	A96123A-R24-C37	2.0	1.0
chr15	65000001	72000000	A96123A-R21-C36	2.0	1.0
chr15	65000001	72000000	A96167B-R37-C09	3.0	1.0
chr15	65000001	72000000	A96167B-R56-C15	1.0	2.0
chr15	72000001	74500000	internal225	3.0	1.0
chr15	72000001	74500000	internal191	3.0	1.0
chr15	72000001	74500000	internal90	3.0	1.0
chr15	72000001	74500000	internal96	3.0	1.0
chr15	72000001	74500000	A96167B-R43-C11	3.0	1.0
chr15	72000001	74500000	internal88	3.0	1.0
chr15	72000001	74500000	internal70	2.0	1.0
chr15	72000001	74500000	A96123A-R24-C53	3.0	1.0
chr15	72000001	74500000	A96123A-R24-C37	2.0	1.0
chr15	72000001	74500000	A96123A-R21-C36	2.0	1.0
chr15	72000001	74500000	A96167B-R37-C09	3.0	1.0
chr15	72000001	74500000	A96167B-R56-C15	1.0	2.0
chr15	74500001	79500000	internal225	3.0	1.0
chr15	74500001	79500000	internal191	3.0	1.0
chr15	74500001	79500000	internal90	3.0	1.0
chr15	74500001	79500000	internal96	3.0	1.0
chr15	74500001	79500000	A96167B-R43-C11	3.0	1.0
chr15	74500001	79500000	internal88	3.0	1.0
chr15	74500001	79500000	internal70	2.0	1.0
chr15	74500001	79500000	A96123A-R24-C53	2.0	1.0
chr15	74500001	79500000	A96123A-R24-C37	2.0	1.0
chr15	74500001	79500000	A96123A-R21-C36	2.0	1.0
chr15	74500001	79500000	A96167B-R37-C09	3.0	1.0
chr15	74500001	79500000	A96167B-R56-C15	1.0	2.0
chr15	80000001	81500000	internal225	3.0	1.0
chr15	80000001	81500000	internal191	3.0	1.0
chr15	80000001	81500000	internal90	3.0	1.0
chr15	80000001	81500000	internal96	2.5	1.5
chr15	80000001	81500000	A96167B-R43-C11	3.0	1.0
chr15	80000001	81500000	internal88	3.0	1.0
chr15	80000001	81500000	internal70	2.0	1.0
chr15	80000001	81500000	A96123A-R24-C53	3.0	1.0
chr15	80000001	81500000	A96123A-R24-C37	3.0	1.0
chr15	80000001	81500000	A96123A-R21-C36	3.0	1.0
chr15	80000001	81500000	A96167B-R37-C09	3.0	1.0
chr15	80000001	81500000	A96167B-R56-C15	1.0	2.0
chr15	86000001	86500000	internal225	4.0	1.0
chr15	86000001	86500000	internal191	4.0	1.0
chr15	86000001	86500000	internal90	3.0	1.0
chr15	86000001	86500000	internal96	2.5	1.0
chr15	86000001	86500000	A96167B-R43-C11	3.0	1.0
chr15	86000001	86500000	internal88	3.0	1.0
chr15	86000001	86500000	internal70	3.0	1.0
chr15	86000001	86500000	A96123A-R24-C53	3.0	1.0
chr15	86000001	86500000	A96123A-R24-C37	3.0	1.0
chr15	86000001	86500000	A96123A-R21-C36	3.0	1.0
chr15	86000001	86500000	A96167B-R37-C09	3.0	1.0
chr15	86000001	86500000	A96167B-R56-C15	1.0	1.0
chr15	86500001	87500000	internal225	4.0	1.0
chr15	86500001	87500000	internal191	4.0	1.0
chr15	86500001	87500000	internal90	3.0	1.0
chr15	86500001	87500000	internal96	2.0	1.0
chr15	86500001	87500000	A96167B-R43-C11	3.0	1.0
chr15	86500001	87500000	internal88	3.0	1.0
chr15	86500001	87500000	internal70	3.0	1.0
chr15	86500001	87500000	A96123A-R24-C53	3.0	1.0
chr15	86500001	87500000	A96123A-R24-C37	3.0	1.0
chr15	86500001	87500000	A96123A-R21-C36	3.0	1.0
chr15	86500001	87500000	A96167B-R37-C09	3.0	1.0
chr15	86500001	87500000	A96167B-R56-C15	1.0	1.0
chr15	87500001	92500000	internal225	3.0	1.0
chr15	87500001	92500000	internal191	4.0	1.0
chr15	87500001	92500000	internal90	3.0	1.0
chr15	87500001	92500000	internal96	2.0	1.0
chr15	87500001	92500000	A96167B-R43-C11	3.0	1.0
chr15	87500001	92500000	internal88	3.0	1.0
chr15	87500001	92500000	internal70	3.0	1.0
chr15	87500001	92500000	A96123A-R24-C53	3.0	1.0
chr15	87500001	92500000	A96123A-R24-C37	3.0	1.0
chr15	87500001	92500000	A96123A-R21-C36	2.0	1.0
chr15	87500001	92500000	A96167B-R37-C09	3.0	1.0
chr15	87500001	92500000	A96167B-R56-C15	1.0	2.0
chr15	92500001	101000000	internal225	3.0	1.0
chr15	92500001	101000000	internal191	4.0	1.0
chr15	92500001	101000000	internal90	3.0	1.0
chr15	92500001	101000000	internal96	2.0	1.0
chr15	92500001	101000000	A96167B-R43-C11	3.0	1.0
chr15	92500001	101000000	internal88	3.0	1.0
chr15	92500001	101000000	internal70	3.0	1.0
chr15	92500001	101000000	A96123A-R24-C53	3.0	1.0
chr15	92500001	101000000	A96123A-R24-C37	3.0	1.0
chr15	92500001	101000000	A96123A-R21-C36	3.0	1.0
chr15	92500001	101000000	A96167B-R37-C09	3.0	1.0
chr15	92500001	101000000	A96167B-R56-C15	1.0	2.0
chr16	1500001	4000000	internal225	1.0	1.0
chr16	1500001	4000000	internal191	1.0	1.0
chr16	1500001	4000000	internal90	1.0	1.0
chr16	1500001	4000000	internal96	1.0	1.0
chr16	1500001	4000000	A96167B-R43-C11	1.0	1.0
chr16	1500001	4000000	internal88	1.0	1.0
chr16	1500001	4000000	internal70	1.0	1.0
chr16	1500001	4000000	A96123A-R24-C53	2.0	0.0
chr16	1500001	4000000	A96123A-R24-C37	1.0	1.0
chr16	1500001	4000000	A96123A-R21-C36	1.0	1.0
chr16	1500001	4000000	A96167B-R37-C09	1.0	1.0
chr16	1500001	4000000	A96167B-R56-C15	1.0	2.0
chr16	4000001	17500000	internal225	1.0	1.0
chr16	4000001	17500000	internal191	1.0	1.0
chr16	4000001	17500000	internal90	1.0	1.0
chr16	4000001	17500000	internal96	1.0	1.0
chr16	4000001	17500000	A96167B-R43-C11	1.0	1.0
chr16	4000001	17500000	internal88	1.0	1.0
chr16	4000001	17500000	internal70	1.0	1.0
chr16	4000001	17500000	A96123A-R24-C53	1.0	1.0
chr16	4000001	17500000	A96123A-R24-C37	1.0	1.0
chr16	4000001	17500000	A96123A-R21-C36	1.0	1.0
chr16	4000001	17500000	A96167B-R37-C09	1.0	1.0
chr16	4000001	17500000	A96167B-R56-C15	1.0	1.0
chr16	17500001	18000000	internal225	1.0	1.0
chr16	17500001	18000000	internal191	1.0	1.0
chr16	17500001	18000000	internal90	0.5	1.0
chr16	17500001	18000000	internal96	1.0	1.0
chr16	17500001	18000000	A96167B-R43-C11	1.0	1.0
chr16	17500001	18000000	internal88	1.0	1.0
chr16	17500001	18000000	internal70	1.0	1.0
chr16	17500001	18000000	A96123A-R24-C53	1.0	1.0
chr16	17500001	18000000	A96123A-R24-C37	1.0	1.0
chr16	17500001	18000000	A96123A-R21-C36	1.0	0.0
chr16	17500001	18000000	A96167B-R37-C09	1.0	1.0
chr16	17500001	18000000	A96167B-R56-C15	1.0	1.0
chr16	19000001	19500000	internal225	1.0	1.0
chr16	19000001	19500000	internal191	1.0	1.0
chr16	19000001	19500000	internal90	1.0	1.0
chr16	19000001	19500000	internal96	1.0	1.0
chr16	19000001	19500000	A96167B-R43-C11	1.0	1.0
chr16	19000001	19500000	internal88	1.0	1.0
chr16	19000001	19500000	internal70	1.0	1.0
chr16	19000001	19500000	A96123A-R24-C53	1.0	1.0
chr16	19000001	19500000	A96123A-R24-C37	1.0	1.0
chr16	19000001	19500000	A96123A-R21-C36	1.0	0.0
chr16	19000001	19500000	A96167B-R37-C09	1.0	1.0
chr16	19000001	19500000	A96167B-R56-C15	1.0	1.0
chr16	19500001	28000000	internal225	1.0	1.0
chr16	19500001	28000000	internal191	1.0	1.0
chr16	19500001	28000000	internal90	1.0	1.0
chr16	19500001	28000000	internal96	1.0	1.0
chr16	19500001	28000000	A96167B-R43-C11	1.0	1.0
chr16	19500001	28000000	internal88	1.0	1.0
chr16	19500001	28000000	internal70	1.0	1.0
chr16	19500001	28000000	A96123A-R24-C53	1.0	1.0
chr16	19500001	28000000	A96123A-R24-C37	1.0	1.0
chr16	19500001	28000000	A96123A-R21-C36	1.0	1.0
chr16	19500001	28000000	A96167B-R37-C09	1.0	1.0
chr16	19500001	28000000	A96167B-R56-C15	1.0	1.0
chr16	49500001	53000000	internal225	1.0	1.0
chr16	49500001	53000000	internal191	1.0	1.0
chr16	49500001	53000000	internal90	1.0	1.0
chr16	49500001	53000000	internal96	1.0	1.0
chr16	49500001	53000000	A96167B-R43-C11	1.0	1.0
chr16	49500001	53000000	internal88	1.0	1.0
chr16	49500001	53000000	internal70	1.0	1.0
chr16	49500001	53000000	A96123A-R24-C53	1.0	1.0
chr16	49500001	53000000	A96123A-R24-C37	1.0	1.0
chr16	49500001	53000000	A96123A-R21-C36	1.0	1.0
chr16	49500001	53000000	A96167B-R37-C09	1.0	1.0
chr16	49500001	53000000	A96167B-R56-C15	1.0	0.0
chr16	53000001	65500000	internal225	1.0	1.0
chr16	53000001	65500000	internal191	1.0	1.0
chr16	53000001	65500000	internal90	1.0	1.0
chr16	53000001	65500000	internal96	1.0	1.0
chr16	53000001	65500000	A96167B-R43-C11	1.0	1.0
chr16	53000001	65500000	internal88	1.0	1.0
chr16	53000001	65500000	internal70	1.0	1.0
chr16	53000001	65500000	A96123A-R24-C53	1.0	1.0
chr16	53000001	65500000	A96123A-R24-C37	1.0	1.0
chr16	53000001	65500000	A96123A-R21-C36	1.0	1.0
chr16	53000001	65500000	A96167B-R37-C09	1.0	1.0
chr16	53000001	65500000	A96167B-R56-C15	2.0	0.0
chr16	66000001	73500000	internal225	1.0	0.0
chr16	66000001	73500000	internal191	1.0	0.0
chr16	66000001	73500000	internal90	1.0	0.0
chr16	66000001	73500000	internal96	1.0	0.0
chr16	66000001	73500000	A96167B-R43-C11	1.0	0.0
chr16	66000001	73500000	internal88	1.0	0.0
chr16	66000001	73500000	internal70	1.0	0.0
chr16	66000001	73500000	A96123A-R24-C53	1.0	0.0
chr16	66000001	73500000	A96123A-R24-C37	1.0	0.0
chr16	66000001	73500000	A96123A-R21-C36	1.0	0.0
chr16	66000001	73500000	A96167B-R37-C09	0.0	1.0
chr16	66000001	73500000	A96167B-R56-C15	0.0	2.0
chr16	73500001	88000000	internal225	2.0	0.0
chr16	73500001	88000000	internal191	2.0	0.0
chr16	73500001	88000000	internal90	2.0	0.0
chr16	73500001	88000000	internal96	2.0	0.0
chr16	73500001	88000000	A96167B-R43-C11	2.0	0.0
chr16	73500001	88000000	internal88	2.0	0.0
chr16	73500001	88000000	internal70	2.0	0.0
chr16	73500001	88000000	A96123A-R24-C53	2.0	0.0
chr16	73500001	88000000	A96123A-R24-C37	2.0	0.0
chr16	73500001	88000000	A96123A-R21-C36	2.0	0.0
chr16	73500001	88000000	A96167B-R37-C09	2.0	0.0
chr16	73500001	88000000	A96167B-R56-C15	0.0	2.0
chr16	88500001	89000000	internal225	2.0	0.0
chr16	88500001	89000000	internal191	2.0	0.0
chr16	88500001	89000000	internal90	2.0	0.0
chr16	88500001	89000000	internal96	2.0	0.0
chr16	88500001	89000000	A96167B-R43-C11	2.0	0.0
chr16	88500001	89000000	internal88	2.0	0.0
chr16	88500001	89000000	internal70	2.0	0.0
chr16	88500001	89000000	A96123A-R24-C53	2.0	0.0
chr16	88500001	89000000	A96123A-R24-C37	2.0	0.0
chr16	88500001	89000000	A96123A-R21-C36	2.0	0.0
chr16	88500001	89000000	A96167B-R37-C09	2.0	0.0
chr16	88500001	89000000	A96167B-R56-C15	0.0	2.0
chr17	2000001	12000000	internal225	2.0	0.0
chr17	2000001	12000000	internal191	2.0	0.0
chr17	2000001	12000000	internal90	2.0	0.0
chr17	2000001	12000000	internal96	2.0	0.0
chr17	2000001	12000000	A96167B-R43-C11	2.0	0.0
chr17	2000001	12000000	internal88	2.0	0.0
chr17	2000001	12000000	internal70	2.0	0.0
chr17	2000001	12000000	A96123A-R24-C53	2.0	0.0
chr17	2000001	12000000	A96123A-R24-C37	2.0	0.0
chr17	2000001	12000000	A96123A-R21-C36	2.0	0.0
chr17	2000001	12000000	A96167B-R37-C09	2.0	0.0
chr17	2000001	12000000	A96167B-R56-C15	2.0	0.0
chr17	12000001	12500000	internal225	2.0	0.0
chr17	12000001	12500000	internal191	2.0	0.0
chr17	12000001	12500000	internal90	2.0	0.0
chr17	12000001	12500000	internal96	2.0	0.0
chr17	12000001	12500000	A96167B-R43-C11	2.0	0.0
chr17	12000001	12500000	internal88	2.0	0.0
chr17	12000001	12500000	internal70	2.0	0.0
chr17	12000001	12500000	A96123A-R24-C53	2.0	0.0
chr17	12000001	12500000	A96123A-R24-C37	1.0	1.0
chr17	12000001	12500000	A96123A-R21-C36	2.0	0.0
chr17	12000001	12500000	A96167B-R37-C09	2.0	0.0
chr17	12000001	12500000	A96167B-R56-C15	2.0	0.0
chr17	12500001	18500000	internal225	2.0	0.0
chr17	12500001	18500000	internal191	2.0	0.0
chr17	12500001	18500000	internal90	2.0	0.0
chr17	12500001	18500000	internal96	2.0	0.0
chr17	12500001	18500000	A96167B-R43-C11	2.0	0.0
chr17	12500001	18500000	internal88	2.0	0.0
chr17	12500001	18500000	internal70	2.0	0.0
chr17	12500001	18500000	A96123A-R24-C53	2.0	0.0
chr17	12500001	18500000	A96123A-R24-C37	2.0	0.0
chr17	12500001	18500000	A96123A-R21-C36	2.0	0.0
chr17	12500001	18500000	A96167B-R37-C09	2.0	0.0
chr17	12500001	18500000	A96167B-R56-C15	2.0	0.0
chr17	29000001	38000000	internal225	2.0	0.0
chr17	29000001	38000000	internal191	2.0	0.0
chr17	29000001	38000000	internal90	2.0	0.0
chr17	29000001	38000000	internal96	2.0	0.0
chr17	29000001	38000000	A96167B-R43-C11	2.0	0.0
chr17	29000001	38000000	internal88	2.0	0.0
chr17	29000001	38000000	internal70	2.0	0.0
chr17	29000001	38000000	A96123A-R24-C53	2.0	0.0
chr17	29000001	38000000	A96123A-R24-C37	2.0	0.0
chr17	29000001	38000000	A96123A-R21-C36	2.0	0.0
chr17	29000001	38000000	A96167B-R37-C09	2.0	0.0
chr17	29000001	38000000	A96167B-R56-C15	4.0	0.0
chr17	38000001	43500000	internal225	3.0	0.0
chr17	38000001	43500000	internal191	4.0	0.0
chr17	38000001	43500000	internal90	3.0	0.0
chr17	38000001	43500000	internal96	3.0	0.0
chr17	38000001	43500000	A96167B-R43-C11	3.0	0.0
chr17	38000001	43500000	internal88	3.0	0.0
chr17	38000001	43500000	internal70	3.0	0.0
chr17	38000001	43500000	A96123A-R24-C53	3.0	0.0
chr17	38000001	43500000	A96123A-R24-C37	3.0	0.0
chr17	38000001	43500000	A96123A-R21-C36	3.0	0.0
chr17	38000001	43500000	A96167B-R37-C09	2.0	0.0
chr17	38000001	43500000	A96167B-R56-C15	4.0	0.0
chr17	45500001	56500000	internal225	3.0	0.0
chr17	45500001	56500000	internal191	4.0	0.0
chr17	45500001	56500000	internal90	3.0	0.0
chr17	45500001	56500000	internal96	3.0	0.0
chr17	45500001	56500000	A96167B-R43-C11	3.0	0.0
chr17	45500001	56500000	internal88	3.0	0.0
chr17	45500001	56500000	internal70	3.0	0.0
chr17	45500001	56500000	A96123A-R24-C53	3.0	0.0
chr17	45500001	56500000	A96123A-R24-C37	3.0	0.0
chr17	45500001	56500000	A96123A-R21-C36	3.0	0.0
chr17	45500001	56500000	A96167B-R37-C09	2.0	0.0
chr17	45500001	56500000	A96167B-R56-C15	3.0	0.0
chr17	56500001	66000000	internal225	3.0	0.0
chr17	56500001	66000000	internal191	4.0	0.0
chr17	56500001	66000000	internal90	3.0	0.0
chr17	56500001	66000000	internal96	3.0	0.0
chr17	56500001	66000000	A96167B-R43-C11	3.0	0.0
chr17	56500001	66000000	internal88	3.0	0.0
chr17	56500001	66000000	internal70	3.0	0.0
chr17	56500001	66000000	A96123A-R24-C53	3.0	0.0
chr17	56500001	66000000	A96123A-R24-C37	3.0	0.0
chr17	56500001	66000000	A96123A-R21-C36	3.0	0.0
chr17	56500001	66000000	A96167B-R37-C09	3.0	0.0
chr17	56500001	66000000	A96167B-R56-C15	4.0	0.0
chr17	66000001	73000000	internal225	3.0	0.0
chr17	66000001	73000000	internal191	4.0	0.0
chr17	66000001	73000000	internal90	3.0	0.0
chr17	66000001	73000000	internal96	3.0	0.0
chr17	66000001	73000000	A96167B-R43-C11	3.0	0.0
chr17	66000001	73000000	internal88	3.0	0.0
chr17	66000001	73000000	internal70	3.0	0.0
chr17	66000001	73000000	A96123A-R24-C53	3.0	0.0
chr17	66000001	73000000	A96123A-R24-C37	3.0	0.0
chr17	66000001	73000000	A96123A-R21-C36	3.0	0.0
chr17	66000001	73000000	A96167B-R37-C09	3.0	0.0
chr17	66000001	73000000	A96167B-R56-C15	3.0	0.0
chr17	73000001	79000000	internal225	3.0	0.0
chr17	73000001	79000000	internal191	4.0	0.0
chr17	73000001	79000000	internal90	3.0	0.0
chr17	73000001	79000000	internal96	3.0	0.0
chr17	73000001	79000000	A96167B-R43-C11	3.0	0.0
chr17	73000001	79000000	internal88	3.0	0.0
chr17	73000001	79000000	internal70	3.0	0.0
chr17	73000001	79000000	A96123A-R24-C53	3.0	0.0
chr17	73000001	79000000	A96123A-R24-C37	3.0	0.0
chr17	73000001	79000000	A96123A-R21-C36	3.0	0.0
chr17	73000001	79000000	A96167B-R37-C09	3.0	0.0
chr17	73000001	79000000	A96167B-R56-C15	3.0	0.0
chr17	79000001	79500000	internal225	3.0	0.0
chr17	79000001	79500000	internal191	4.0	0.0
chr17	79000001	79500000	internal90	3.0	0.0
chr17	79000001	79500000	internal96	3.0	0.0
chr17	79000001	79500000	A96167B-R43-C11	3.0	0.0
chr17	79000001	79500000	internal88	3.0	0.0
chr17	79000001	79500000	internal70	3.0	0.0
chr17	79000001	79500000	A96123A-R24-C53	3.0	0.0
chr17	79000001	79500000	A96123A-R24-C37	3.0	0.0
chr17	79000001	79500000	A96123A-R21-C36	3.0	0.0
chr17	79000001	79500000	A96167B-R37-C09	3.0	0.0
chr17	79000001	79500000	A96167B-R56-C15	3.0	0.0
chr18	2500001	3000000	internal225	3.0	1.0
chr18	2500001	3000000	internal191	2.0	1.0
chr18	2500001	3000000	internal90	2.5	1.0
chr18	2500001	3000000	internal96	3.5	1.0
chr18	2500001	3000000	A96167B-R43-C11	3.0	1.0
chr18	2500001	3000000	internal88	3.0	1.0
chr18	2500001	3000000	internal70	2.0	1.0
chr18	2500001	3000000	A96123A-R24-C53	2.0	1.0
chr18	2500001	3000000	A96123A-R24-C37	3.0	1.0
chr18	2500001	3000000	A96123A-R21-C36	2.0	2.0
chr18	2500001	3000000	A96167B-R37-C09	2.0	2.0
chr18	2500001	3000000	A96167B-R56-C15	1.0	5.0
chr18	3000001	7500000	internal225	3.0	1.0
chr18	3000001	7500000	internal191	2.0	1.0
chr18	3000001	7500000	internal90	2.5	1.0
chr18	3000001	7500000	internal96	3.5	1.0
chr18	3000001	7500000	A96167B-R43-C11	3.0	1.0
chr18	3000001	7500000	internal88	3.0	1.0
chr18	3000001	7500000	internal70	2.0	1.0
chr18	3000001	7500000	A96123A-R24-C53	3.0	1.0
chr18	3000001	7500000	A96123A-R24-C37	3.0	1.0
chr18	3000001	7500000	A96123A-R21-C36	3.0	1.0
chr18	3000001	7500000	A96167B-R37-C09	3.0	1.0
chr18	3000001	7500000	A96167B-R56-C15	1.0	5.0
chr18	7500001	9000000	internal225	3.0	1.0
chr18	7500001	9000000	internal191	2.0	1.0
chr18	7500001	9000000	internal90	2.5	1.0
chr18	7500001	9000000	internal96	3.5	1.0
chr18	7500001	9000000	A96167B-R43-C11	3.0	1.0
chr18	7500001	9000000	internal88	3.0	1.0
chr18	7500001	9000000	internal70	2.0	1.0
chr18	7500001	9000000	A96123A-R24-C53	3.0	1.0
chr18	7500001	9000000	A96123A-R24-C37	3.0	1.0
chr18	7500001	9000000	A96123A-R21-C36	3.0	1.0
chr18	7500001	9000000	A96167B-R37-C09	3.0	1.0
chr18	7500001	9000000	A96167B-R56-C15	1.0	5.0
chr18	9000001	10000000	internal225	3.0	1.0
chr18	9000001	10000000	internal191	2.0	1.0
chr18	9000001	10000000	internal90	2.5	1.0
chr18	9000001	10000000	internal96	4.0	1.0
chr18	9000001	10000000	A96167B-R43-C11	3.0	1.0
chr18	9000001	10000000	internal88	3.0	1.0
chr18	9000001	10000000	internal70	2.0	1.0
chr18	9000001	10000000	A96123A-R24-C53	3.0	1.0
chr18	9000001	10000000	A96123A-R24-C37	3.0	1.0
chr18	9000001	10000000	A96123A-R21-C36	3.0	1.0
chr18	9000001	10000000	A96167B-R37-C09	3.0	1.0
chr18	9000001	10000000	A96167B-R56-C15	1.0	5.0
chr18	10000001	10500000	internal225	3.0	1.0
chr18	10000001	10500000	internal191	2.0	1.0
chr18	10000001	10500000	internal90	2.5	1.0
chr18	10000001	10500000	internal96	4.0	1.0
chr18	10000001	10500000	A96167B-R43-C11	3.0	1.0
chr18	10000001	10500000	internal88	3.0	1.0
chr18	10000001	10500000	internal70	2.0	1.0
chr18	10000001	10500000	A96123A-R24-C53	3.0	1.0
chr18	10000001	10500000	A96123A-R24-C37	3.0	1.0
chr18	10000001	10500000	A96123A-R21-C36	5.0	1.0
chr18	10000001	10500000	A96167B-R37-C09	3.0	1.0
chr18	10000001	10500000	A96167B-R56-C15	1.0	5.0
chr18	22500001	31000000	internal225	2.0	2.0
chr18	22500001	31000000	internal191	1.0	2.5
chr18	22500001	31000000	internal90	1.5	2.0
chr18	22500001	31000000	internal96	2.5	2.0
chr18	22500001	31000000	A96167B-R43-C11	2.0	2.0
chr18	22500001	31000000	internal88	2.0	2.0
chr18	22500001	31000000	internal70	2.0	2.0
chr18	22500001	31000000	A96123A-R24-C53	3.0	1.0
chr18	22500001	31000000	A96123A-R24-C37	2.0	2.0
chr18	22500001	31000000	A96123A-R21-C36	3.0	3.0
chr18	22500001	31000000	A96167B-R37-C09	2.0	2.0
chr18	22500001	31000000	A96167B-R56-C15	1.0	3.0
chr18	31000001	40500000	internal225	2.0	2.0
chr18	31000001	40500000	internal191	1.0	3.0
chr18	31000001	40500000	internal90	1.5	2.0
chr18	31000001	40500000	internal96	2.5	2.0
chr18	31000001	40500000	A96167B-R43-C11	2.0	2.0
chr18	31000001	40500000	internal88	2.0	2.0
chr18	31000001	40500000	internal70	1.0	2.0
chr18	31000001	40500000	A96123A-R24-C53	2.0	2.0
chr18	31000001	40500000	A96123A-R24-C37	1.0	3.0
chr18	31000001	40500000	A96123A-R21-C36	3.0	3.0
chr18	31000001	40500000	A96167B-R37-C09	2.0	2.0
chr18	31000001	40500000	A96167B-R56-C15	1.0	3.0
chr18	40500001	42000000	internal225	2.0	2.0
chr18	40500001	42000000	internal191	1.0	3.0
chr18	40500001	42000000	internal90	1.5	2.0
chr18	40500001	42000000	internal96	2.5	2.0
chr18	40500001	42000000	A96167B-R43-C11	2.0	2.0
chr18	40500001	42000000	internal88	2.0	2.0
chr18	40500001	42000000	internal70	2.0	2.0
chr18	40500001	42000000	A96123A-R24-C53	2.0	2.0
chr18	40500001	42000000	A96123A-R24-C37	2.0	2.0
chr18	40500001	42000000	A96123A-R21-C36	3.0	3.0
chr18	40500001	42000000	A96167B-R37-C09	2.0	2.0
chr18	40500001	42000000	A96167B-R56-C15	1.0	2.0
chr18	42000001	43500000	internal225	2.0	1.0
chr18	42000001	43500000	internal191	1.0	2.0
chr18	42000001	43500000	internal90	1.5	1.5
chr18	42000001	43500000	internal96	2.5	2.0
chr18	42000001	43500000	A96167B-R43-C11	2.0	1.0
chr18	42000001	43500000	internal88	1.5	1.0
chr18	42000001	43500000	internal70	2.0	1.0
chr18	42000001	43500000	A96123A-R24-C53	3.0	1.0
chr18	42000001	43500000	A96123A-R24-C37	1.0	2.0
chr18	42000001	43500000	A96123A-R21-C36	3.0	1.0
chr18	42000001	43500000	A96167B-R37-C09	2.0	2.0
chr18	42000001	43500000	A96167B-R56-C15	1.0	2.0
chr18	43500001	49500000	internal225	1.0	0.0
chr18	43500001	49500000	internal191	1.5	0.0
chr18	43500001	49500000	internal90	1.0	0.0
chr18	43500001	49500000	internal96	1.0	0.0
chr18	43500001	49500000	A96167B-R43-C11	1.0	0.0
chr18	43500001	49500000	internal88	1.0	0.0
chr18	43500001	49500000	internal70	1.0	0.0
chr18	43500001	49500000	A96123A-R24-C53	1.0	0.0
chr18	43500001	49500000	A96123A-R24-C37	1.0	0.0
chr18	43500001	49500000	A96123A-R21-C36	1.0	0.0
chr18	43500001	49500000	A96167B-R37-C09	1.0	0.0
chr18	43500001	49500000	A96167B-R56-C15	2.0	2.0
chr18	49500001	50500000	internal225	1.0	0.0
chr18	49500001	50500000	internal191	1.0	1.0
chr18	49500001	50500000	internal90	0.5	0.5
chr18	49500001	50500000	internal96	1.0	0.0
chr18	49500001	50500000	A96167B-R43-C11	1.0	0.0
chr18	49500001	50500000	internal88	1.0	0.0
chr18	49500001	50500000	internal70	1.0	0.0
chr18	49500001	50500000	A96123A-R24-C53	1.0	0.0
chr18	49500001	50500000	A96123A-R24-C37	1.0	0.0
chr18	49500001	50500000	A96123A-R21-C36	1.0	0.0
chr18	49500001	50500000	A96167B-R37-C09	1.0	0.0
chr18	49500001	50500000	A96167B-R56-C15	2.0	2.0
chr18	50500001	58500000	internal225	1.0	0.0
chr18	50500001	58500000	internal191	1.5	0.0
chr18	50500001	58500000	internal90	1.0	0.0
chr18	50500001	58500000	internal96	1.0	0.0
chr18	50500001	58500000	A96167B-R43-C11	1.0	0.0
chr18	50500001	58500000	internal88	1.0	0.0
chr18	50500001	58500000	internal70	1.0	0.0
chr18	50500001	58500000	A96123A-R24-C53	1.0	0.0
chr18	50500001	58500000	A96123A-R24-C37	1.0	0.0
chr18	50500001	58500000	A96123A-R21-C36	1.0	0.0
chr18	50500001	58500000	A96167B-R37-C09	1.0	0.0
chr18	50500001	58500000	A96167B-R56-C15	2.0	2.0
chr18	58500001	59000000	internal225	2.0	1.0
chr18	58500001	59000000	internal191	2.0	1.0
chr18	58500001	59000000	internal90	1.5	0.5
chr18	58500001	59000000	internal96	2.0	1.0
chr18	58500001	59000000	A96167B-R43-C11	2.0	1.0
chr18	58500001	59000000	internal88	1.5	1.0
chr18	58500001	59000000	internal70	3.0	0.0
chr18	58500001	59000000	A96123A-R24-C53	1.0	0.0
chr18	58500001	59000000	A96123A-R24-C37	1.0	2.0
chr18	58500001	59000000	A96123A-R21-C36	1.0	0.0
chr18	58500001	59000000	A96167B-R37-C09	2.0	0.0
chr18	58500001	59000000	A96167B-R56-C15	3.0	1.0
chr18	59000001	63500000	internal225	2.0	1.0
chr18	59000001	63500000	internal191	2.0	1.5
chr18	59000001	63500000	internal90	2.0	1.0
chr18	59000001	63500000	internal96	2.0	1.0
chr18	59000001	63500000	A96167B-R43-C11	2.0	1.0
chr18	59000001	63500000	internal88	2.0	1.0
chr18	59000001	63500000	internal70	2.0	1.0
chr18	59000001	63500000	A96123A-R24-C53	2.0	1.0
chr18	59000001	63500000	A96123A-R24-C37	2.0	1.0
chr18	59000001	63500000	A96123A-R21-C36	2.0	1.0
chr18	59000001	63500000	A96167B-R37-C09	1.0	1.0
chr18	59000001	63500000	A96167B-R56-C15	0.0	4.0
chr18	63500001	64000000	internal225	2.0	1.0
chr18	63500001	64000000	internal191	2.0	1.5
chr18	63500001	64000000	internal90	2.0	1.0
chr18	63500001	64000000	internal96	2.0	1.0
chr18	63500001	64000000	A96167B-R43-C11	2.0	1.0
chr18	63500001	64000000	internal88	2.0	1.0
chr18	63500001	64000000	internal70	2.0	1.0
chr18	63500001	64000000	A96123A-R24-C53	2.0	1.0
chr18	63500001	64000000	A96123A-R24-C37	2.0	1.0
chr18	63500001	64000000	A96123A-R21-C36	2.0	1.0
chr18	63500001	64000000	A96167B-R37-C09	2.0	1.0
chr18	63500001	64000000	A96167B-R56-C15	0.0	4.0
chr18	64000001	76500000	internal225	2.0	1.0
chr18	64000001	76500000	internal191	2.0	1.5
chr18	64000001	76500000	internal90	2.0	1.0
chr18	64000001	76500000	internal96	2.0	1.0
chr18	64000001	76500000	A96167B-R43-C11	2.0	1.0
chr18	64000001	76500000	internal88	2.0	1.0
chr18	64000001	76500000	internal70	2.0	1.0
chr18	64000001	76500000	A96123A-R24-C53	2.0	1.0
chr18	64000001	76500000	A96123A-R24-C37	2.0	1.0
chr18	64000001	76500000	A96123A-R21-C36	2.0	1.0
chr18	64000001	76500000	A96167B-R37-C09	2.0	1.0
chr18	64000001	76500000	A96167B-R56-C15	1.0	3.0
chr19	1500001	5500000	internal225	2.0	0.0
chr19	1500001	5500000	internal191	2.0	0.0
chr19	1500001	5500000	internal90	2.0	0.0
chr19	1500001	5500000	internal96	2.0	0.0
chr19	1500001	5500000	A96167B-R43-C11	2.0	0.0
chr19	1500001	5500000	internal88	2.0	0.0
chr19	1500001	5500000	internal70	2.0	0.0
chr19	1500001	5500000	A96123A-R24-C53	2.0	0.0
chr19	1500001	5500000	A96123A-R24-C37	2.0	0.0
chr19	1500001	5500000	A96123A-R21-C36	2.0	0.0
chr19	1500001	5500000	A96167B-R37-C09	3.0	0.0
chr19	1500001	5500000	A96167B-R56-C15	2.0	0.0
chr19	5500001	12000000	internal225	2.0	2.0
chr19	5500001	12000000	internal191	2.0	2.0
chr19	5500001	12000000	internal90	2.0	2.0
chr19	5500001	12000000	internal96	2.0	1.0
chr19	5500001	12000000	A96167B-R43-C11	2.0	2.0
chr19	5500001	12000000	internal88	2.0	2.0
chr19	5500001	12000000	internal70	2.0	2.0
chr19	5500001	12000000	A96123A-R24-C53	2.0	1.0
chr19	5500001	12000000	A96123A-R24-C37	2.0	2.0
chr19	5500001	12000000	A96123A-R21-C36	1.0	2.0
chr19	5500001	12000000	A96167B-R37-C09	2.0	1.0
chr19	5500001	12000000	A96167B-R56-C15	2.0	1.0
chr19	12000001	14000000	internal225	2.0	2.0
chr19	12000001	14000000	internal191	2.0	2.0
chr19	12000001	14000000	internal90	2.0	2.0
chr19	12000001	14000000	internal96	2.0	1.0
chr19	12000001	14000000	A96167B-R43-C11	2.0	2.0
chr19	12000001	14000000	internal88	2.0	2.0
chr19	12000001	14000000	internal70	2.0	2.0
chr19	12000001	14000000	A96123A-R24-C53	3.0	1.0
chr19	12000001	14000000	A96123A-R24-C37	2.0	2.0
chr19	12000001	14000000	A96123A-R21-C36	1.0	2.0
chr19	12000001	14000000	A96167B-R37-C09	1.0	2.0
chr19	12000001	14000000	A96167B-R56-C15	2.0	2.0
chr19	14000001	15000000	internal225	2.0	2.0
chr19	14000001	15000000	internal191	2.0	2.0
chr19	14000001	15000000	internal90	2.0	2.0
chr19	14000001	15000000	internal96	2.5	1.5
chr19	14000001	15000000	A96167B-R43-C11	2.0	2.0
chr19	14000001	15000000	internal88	2.0	2.0
chr19	14000001	15000000	internal70	2.0	2.0
chr19	14000001	15000000	A96123A-R24-C53	3.0	1.0
chr19	14000001	15000000	A96123A-R24-C37	2.0	2.0
chr19	14000001	15000000	A96123A-R21-C36	1.0	2.0
chr19	14000001	15000000	A96167B-R37-C09	2.0	1.0
chr19	14000001	15000000	A96167B-R56-C15	2.0	2.0
chr19	15000001	21500000	internal225	2.0	2.0
chr19	15000001	21500000	internal191	2.0	1.0
chr19	15000001	21500000	internal90	2.0	2.0
chr19	15000001	21500000	internal96	2.0	2.0
chr19	15000001	21500000	A96167B-R43-C11	2.0	2.0
chr19	15000001	21500000	internal88	2.0	2.0
chr19	15000001	21500000	internal70	1.0	2.0
chr19	15000001	21500000	A96123A-R24-C53	2.0	1.0
chr19	15000001	21500000	A96123A-R24-C37	2.0	2.0
chr19	15000001	21500000	A96123A-R21-C36	1.0	2.0
chr19	15000001	21500000	A96167B-R37-C09	2.0	1.0
chr19	15000001	21500000	A96167B-R56-C15	2.0	2.0
chr19	31500001	36000000	internal225	2.0	1.0
chr19	31500001	36000000	internal191	2.0	1.0
chr19	31500001	36000000	internal90	2.0	1.0
chr19	31500001	36000000	internal96	2.0	1.0
chr19	31500001	36000000	A96167B-R43-C11	2.0	1.0
chr19	31500001	36000000	internal88	2.0	1.0
chr19	31500001	36000000	internal70	2.0	1.0
chr19	31500001	36000000	A96123A-R24-C53	2.0	1.0
chr19	31500001	36000000	A96123A-R24-C37	2.0	1.0
chr19	31500001	36000000	A96123A-R21-C36	2.0	1.0
chr19	31500001	36000000	A96167B-R37-C09	2.0	0.0
chr19	31500001	36000000	A96167B-R56-C15	2.0	2.0
chr19	36000001	39000000	internal225	2.0	1.0
chr19	36000001	39000000	internal191	2.0	1.0
chr19	36000001	39000000	internal90	2.0	1.0
chr19	36000001	39000000	internal96	1.5	1.0
chr19	36000001	39000000	A96167B-R43-C11	2.0	1.0
chr19	36000001	39000000	internal88	2.0	1.0
chr19	36000001	39000000	internal70	1.0	1.0
chr19	36000001	39000000	A96123A-R24-C53	2.0	1.0
chr19	36000001	39000000	A96123A-R24-C37	2.0	1.0
chr19	36000001	39000000	A96123A-R21-C36	2.0	1.0
chr19	36000001	39000000	A96167B-R37-C09	2.0	0.0
chr19	36000001	39000000	A96167B-R56-C15	2.0	2.0
chr19	39000001	42500000	internal225	2.0	1.0
chr19	39000001	42500000	internal191	2.0	1.0
chr19	39000001	42500000	internal90	2.0	1.0
chr19	39000001	42500000	internal96	2.0	0.5
chr19	39000001	42500000	A96167B-R43-C11	2.0	1.0
chr19	39000001	42500000	internal88	2.0	1.0
chr19	39000001	42500000	internal70	2.0	1.0
chr19	39000001	42500000	A96123A-R24-C53	2.0	1.0
chr19	39000001	42500000	A96123A-R24-C37	2.0	1.0
chr19	39000001	42500000	A96123A-R21-C36	1.0	1.0
chr19	39000001	42500000	A96167B-R37-C09	2.0	0.0
chr19	39000001	42500000	A96167B-R56-C15	1.0	2.0
chr19	42500001	58000000	internal225	2.0	1.0
chr19	42500001	58000000	internal191	2.5	1.0
chr19	42500001	58000000	internal90	2.0	1.0
chr19	42500001	58000000	internal96	2.0	0.5
chr19	42500001	58000000	A96167B-R43-C11	2.0	1.0
chr19	42500001	58000000	internal88	2.0	1.0
chr19	42500001	58000000	internal70	2.0	1.0
chr19	42500001	58000000	A96123A-R24-C53	2.0	1.0
chr19	42500001	58000000	A96123A-R24-C37	2.0	1.0
chr19	42500001	58000000	A96123A-R21-C36	1.0	1.0
chr19	42500001	58000000	A96167B-R37-C09	2.0	1.0
chr19	42500001	58000000	A96167B-R56-C15	2.0	1.0
chr2	2000001	8500000	internal225	2.0	2.0
chr2	2000001	8500000	internal191	2.0	2.0
chr2	2000001	8500000	internal90	2.0	2.0
chr2	2000001	8500000	internal96	1.5	1.5
chr2	2000001	8500000	A96167B-R43-C11	1.0	1.0
chr2	2000001	8500000	internal88	2.0	2.0
chr2	2000001	8500000	internal70	2.0	2.0
chr2	2000001	8500000	A96123A-R24-C53	1.0	2.0
chr2	2000001	8500000	A96123A-R24-C37	3.0	1.0
chr2	2000001	8500000	A96123A-R21-C36	3.0	1.0
chr2	2000001	8500000	A96167B-R37-C09	2.0	1.0
chr2	2000001	8500000	A96167B-R56-C15	2.0	1.0
chr2	8500001	16000000	internal225	2.0	2.0
chr2	8500001	16000000	internal191	2.0	2.0
chr2	8500001	16000000	internal90	2.0	1.5
chr2	8500001	16000000	internal96	1.5	1.5
chr2	8500001	16000000	A96167B-R43-C11	1.0	1.0
chr2	8500001	16000000	internal88	2.0	2.0
chr2	8500001	16000000	internal70	2.0	1.0
chr2	8500001	16000000	A96123A-R24-C53	1.0	2.0
chr2	8500001	16000000	A96123A-R24-C37	2.0	2.0
chr2	8500001	16000000	A96123A-R21-C36	2.0	2.0
chr2	8500001	16000000	A96167B-R37-C09	1.0	2.0
chr2	8500001	16000000	A96167B-R56-C15	2.0	1.0
chr2	17000001	24000000	internal225	2.0	1.0
chr2	17000001	24000000	internal191	2.0	1.0
chr2	17000001	24000000	internal90	2.0	1.0
chr2	17000001	24000000	internal96	2.0	1.0
chr2	17000001	24000000	A96167B-R43-C11	2.0	1.0
chr2	17000001	24000000	internal88	2.0	1.0
chr2	17000001	24000000	internal70	2.0	1.0
chr2	17000001	24000000	A96123A-R24-C53	2.0	1.0
chr2	17000001	24000000	A96123A-R24-C37	2.0	1.0
chr2	17000001	24000000	A96123A-R21-C36	1.0	1.0
chr2	17000001	24000000	A96167B-R37-C09	2.0	1.0
chr2	17000001	24000000	A96167B-R56-C15	1.0	0.0
chr2	24000001	28500000	internal225	2.0	1.0
chr2	24000001	28500000	internal191	2.0	1.0
chr2	24000001	28500000	internal90	2.0	1.0
chr2	24000001	28500000	internal96	2.0	1.0
chr2	24000001	28500000	A96167B-R43-C11	2.0	1.0
chr2	24000001	28500000	internal88	2.0	1.0
chr2	24000001	28500000	internal70	2.0	1.0
chr2	24000001	28500000	A96123A-R24-C53	2.0	1.0
chr2	24000001	28500000	A96123A-R24-C37	2.0	1.0
chr2	24000001	28500000	A96123A-R21-C36	1.0	1.0
chr2	24000001	28500000	A96167B-R37-C09	2.0	1.0
chr2	24000001	28500000	A96167B-R56-C15	1.0	1.0
chr2	28500001	31500000	internal225	2.0	1.0
chr2	28500001	31500000	internal191	2.0	1.0
chr2	28500001	31500000	internal90	2.5	1.0
chr2	28500001	31500000	internal96	2.0	1.0
chr2	28500001	31500000	A96167B-R43-C11	2.0	1.0
chr2	28500001	31500000	internal88	2.0	1.0
chr2	28500001	31500000	internal70	2.0	1.0
chr2	28500001	31500000	A96123A-R24-C53	2.0	1.0
chr2	28500001	31500000	A96123A-R24-C37	2.0	1.0
chr2	28500001	31500000	A96123A-R21-C36	1.0	1.0
chr2	28500001	31500000	A96167B-R37-C09	2.0	1.0
chr2	28500001	31500000	A96167B-R56-C15	1.0	2.0
chr2	31500001	32000000	internal225	2.0	1.0
chr2	31500001	32000000	internal191	2.0	1.0
chr2	31500001	32000000	internal90	2.0	1.5
chr2	31500001	32000000	internal96	2.0	1.0
chr2	31500001	32000000	A96167B-R43-C11	2.0	1.0
chr2	31500001	32000000	internal88	2.0	1.0
chr2	31500001	32000000	internal70	2.0	1.0
chr2	31500001	32000000	A96123A-R24-C53	2.0	1.0
chr2	31500001	32000000	A96123A-R24-C37	2.0	1.0
chr2	31500001	32000000	A96123A-R21-C36	1.0	1.0
chr2	31500001	32000000	A96167B-R37-C09	2.0	1.0
chr2	31500001	32000000	A96167B-R56-C15	1.0	2.0
chr2	32000001	33000000	internal225	2.0	1.0
chr2	32000001	33000000	internal191	2.0	1.0
chr2	32000001	33000000	internal90	2.0	1.5
chr2	32000001	33000000	internal96	2.0	1.0
chr2	32000001	33000000	A96167B-R43-C11	2.0	1.0
chr2	32000001	33000000	internal88	2.0	1.0
chr2	32000001	33000000	internal70	2.0	1.0
chr2	32000001	33000000	A96123A-R24-C53	2.0	1.0
chr2	32000001	33000000	A96123A-R24-C37	2.0	1.0
chr2	32000001	33000000	A96123A-R21-C36	1.0	1.0
chr2	32000001	33000000	A96167B-R37-C09	2.0	1.0
chr2	32000001	33000000	A96167B-R56-C15	1.0	2.0
chr2	33500001	40000000	internal225	2.0	1.0
chr2	33500001	40000000	internal191	2.0	1.0
chr2	33500001	40000000	internal90	2.0	1.0
chr2	33500001	40000000	internal96	2.0	1.0
chr2	33500001	40000000	A96167B-R43-C11	2.0	2.0
chr2	33500001	40000000	internal88	2.0	1.0
chr2	33500001	40000000	internal70	2.0	1.0
chr2	33500001	40000000	A96123A-R24-C53	2.0	1.0
chr2	33500001	40000000	A96123A-R24-C37	2.0	1.0
chr2	33500001	40000000	A96123A-R21-C36	1.0	1.0
chr2	33500001	40000000	A96167B-R37-C09	2.0	1.0
chr2	33500001	40000000	A96167B-R56-C15	1.0	2.0
chr2	40000001	41500000	internal225	2.0	1.0
chr2	40000001	41500000	internal191	2.0	1.0
chr2	40000001	41500000	internal90	1.5	1.0
chr2	40000001	41500000	internal96	2.5	1.0
chr2	40000001	41500000	A96167B-R43-C11	2.0	2.0
chr2	40000001	41500000	internal88	2.0	1.0
chr2	40000001	41500000	internal70	2.0	1.0
chr2	40000001	41500000	A96123A-R24-C53	2.0	1.0
chr2	40000001	41500000	A96123A-R24-C37	2.0	1.0
chr2	40000001	41500000	A96123A-R21-C36	1.0	1.0
chr2	40000001	41500000	A96167B-R37-C09	2.0	1.0
chr2	40000001	41500000	A96167B-R56-C15	1.0	2.0
chr2	42000001	43500000	internal225	2.0	1.0
chr2	42000001	43500000	internal191	2.0	1.0
chr2	42000001	43500000	internal90	2.5	1.0
chr2	42000001	43500000	internal96	2.5	1.0
chr2	42000001	43500000	A96167B-R43-C11	2.0	2.0
chr2	42000001	43500000	internal88	3.0	1.0
chr2	42000001	43500000	internal70	2.0	1.0
chr2	42000001	43500000	A96123A-R24-C53	2.0	1.0
chr2	42000001	43500000	A96123A-R24-C37	2.0	1.0
chr2	42000001	43500000	A96123A-R21-C36	1.0	1.0
chr2	42000001	43500000	A96167B-R37-C09	2.0	1.0
chr2	42000001	43500000	A96167B-R56-C15	1.0	2.0
chr2	44000001	45000000	internal225	2.0	2.0
chr2	44000001	45000000	internal191	2.0	1.0
chr2	44000001	45000000	internal90	2.0	2.0
chr2	44000001	45000000	internal96	2.0	2.0
chr2	44000001	45000000	A96167B-R43-C11	2.0	2.0
chr2	44000001	45000000	internal88	3.0	1.0
chr2	44000001	45000000	internal70	3.0	1.0
chr2	44000001	45000000	A96123A-R24-C53	2.0	2.0
chr2	44000001	45000000	A96123A-R24-C37	1.0	3.0
chr2	44000001	45000000	A96123A-R21-C36	1.0	1.0
chr2	44000001	45000000	A96167B-R37-C09	2.0	1.0
chr2	44000001	45000000	A96167B-R56-C15	1.0	2.0
chr2	45500001	47000000	internal225	2.0	2.0
chr2	45500001	47000000	internal191	2.0	2.0
chr2	45500001	47000000	internal90	2.0	2.0
chr2	45500001	47000000	internal96	2.0	2.0
chr2	45500001	47000000	A96167B-R43-C11	2.0	2.0
chr2	45500001	47000000	internal88	2.5	1.5
chr2	45500001	47000000	internal70	3.0	2.0
chr2	45500001	47000000	A96123A-R24-C53	2.0	2.0
chr2	45500001	47000000	A96123A-R24-C37	1.0	3.0
chr2	45500001	47000000	A96123A-R21-C36	1.0	1.0
chr2	45500001	47000000	A96167B-R37-C09	1.0	3.0
chr2	45500001	47000000	A96167B-R56-C15	1.0	2.0
chr2	47000001	48500000	internal225	2.0	2.0
chr2	47000001	48500000	internal191	2.0	2.0
chr2	47000001	48500000	internal90	2.0	2.0
chr2	47000001	48500000	internal96	2.0	2.0
chr2	47000001	48500000	A96167B-R43-C11	2.0	2.0
chr2	47000001	48500000	internal88	2.0	2.0
chr2	47000001	48500000	internal70	2.0	2.0
chr2	47000001	48500000	A96123A-R24-C53	2.0	2.0
chr2	47000001	48500000	A96123A-R24-C37	1.0	3.0
chr2	47000001	48500000	A96123A-R21-C36	1.0	1.0
chr2	47000001	48500000	A96167B-R37-C09	1.0	3.0
chr2	47000001	48500000	A96167B-R56-C15	1.0	2.0
chr2	48500001	49500000	internal225	2.0	2.0
chr2	48500001	49500000	internal191	2.0	2.0
chr2	48500001	49500000	internal90	2.0	2.0
chr2	48500001	49500000	internal96	2.0	2.0
chr2	48500001	49500000	A96167B-R43-C11	2.0	2.0
chr2	48500001	49500000	internal88	2.0	2.0
chr2	48500001	49500000	internal70	2.0	2.0
chr2	48500001	49500000	A96123A-R24-C53	2.0	2.0
chr2	48500001	49500000	A96123A-R24-C37	2.0	2.0
chr2	48500001	49500000	A96123A-R21-C36	1.0	1.0
chr2	48500001	49500000	A96167B-R37-C09	1.0	3.0
chr2	48500001	49500000	A96167B-R56-C15	1.0	2.0
chr2	49500001	53500000	internal225	2.0	2.0
chr2	49500001	53500000	internal191	2.0	2.0
chr2	49500001	53500000	internal90	2.0	2.0
chr2	49500001	53500000	internal96	2.0	2.0
chr2	49500001	53500000	A96167B-R43-C11	2.0	2.0
chr2	49500001	53500000	internal88	2.0	2.0
chr2	49500001	53500000	internal70	2.0	2.0
chr2	49500001	53500000	A96123A-R24-C53	2.0	1.0
chr2	49500001	53500000	A96123A-R24-C37	2.0	2.0
chr2	49500001	53500000	A96123A-R21-C36	1.0	1.0
chr2	49500001	53500000	A96167B-R37-C09	1.0	2.0
chr2	49500001	53500000	A96167B-R56-C15	1.0	2.0
chr2	53500001	54500000	internal225	2.0	2.0
chr2	53500001	54500000	internal191	2.0	2.0
chr2	53500001	54500000	internal90	2.0	2.0
chr2	53500001	54500000	internal96	2.0	2.0
chr2	53500001	54500000	A96167B-R43-C11	2.0	2.0
chr2	53500001	54500000	internal88	2.0	2.0
chr2	53500001	54500000	internal70	2.0	2.0
chr2	53500001	54500000	A96123A-R24-C53	2.0	1.0
chr2	53500001	54500000	A96123A-R24-C37	2.0	1.0
chr2	53500001	54500000	A96123A-R21-C36	1.0	1.0
chr2	53500001	54500000	A96167B-R37-C09	1.0	2.0
chr2	53500001	54500000	A96167B-R56-C15	1.0	2.0
chr2	54500001	61000000	internal225	2.0	1.0
chr2	54500001	61000000	internal191	2.0	1.0
chr2	54500001	61000000	internal90	2.0	1.0
chr2	54500001	61000000	internal96	2.0	1.0
chr2	54500001	61000000	A96167B-R43-C11	2.0	1.0
chr2	54500001	61000000	internal88	2.0	1.0
chr2	54500001	61000000	internal70	2.0	1.0
chr2	54500001	61000000	A96123A-R24-C53	2.0	1.0
chr2	54500001	61000000	A96123A-R24-C37	2.0	1.0
chr2	54500001	61000000	A96123A-R21-C36	1.0	1.0
chr2	54500001	61000000	A96167B-R37-C09	1.0	2.0
chr2	54500001	61000000	A96167B-R56-C15	1.0	2.0
chr2	61000001	65000000	internal225	2.0	1.0
chr2	61000001	65000000	internal191	2.0	1.0
chr2	61000001	65000000	internal90	2.0	1.0
chr2	61000001	65000000	internal96	2.0	1.0
chr2	61000001	65000000	A96167B-R43-C11	3.0	1.0
chr2	61000001	65000000	internal88	2.0	1.0
chr2	61000001	65000000	internal70	2.0	1.0
chr2	61000001	65000000	A96123A-R24-C53	2.0	1.0
chr2	61000001	65000000	A96123A-R24-C37	2.0	1.0
chr2	61000001	65000000	A96123A-R21-C36	1.0	1.0
chr2	61000001	65000000	A96167B-R37-C09	1.0	2.0
chr2	61000001	65000000	A96167B-R56-C15	1.0	2.0
chr2	65000001	66000000	internal225	2.0	1.0
chr2	65000001	66000000	internal191	2.0	1.0
chr2	65000001	66000000	internal90	2.0	1.0
chr2	65000001	66000000	internal96	2.0	1.0
chr2	65000001	66000000	A96167B-R43-C11	2.0	1.0
chr2	65000001	66000000	internal88	2.0	1.0
chr2	65000001	66000000	internal70	2.0	1.0
chr2	65000001	66000000	A96123A-R24-C53	2.0	1.0
chr2	65000001	66000000	A96123A-R24-C37	2.0	1.0
chr2	65000001	66000000	A96123A-R21-C36	1.0	1.0
chr2	65000001	66000000	A96167B-R37-C09	2.0	2.0
chr2	65000001	66000000	A96167B-R56-C15	1.0	2.0
chr2	67000001	80500000	internal225	2.0	1.0
chr2	67000001	80500000	internal191	2.0	1.0
chr2	67000001	80500000	internal90	2.0	1.0
chr2	67000001	80500000	internal96	2.0	1.0
chr2	67000001	80500000	A96167B-R43-C11	2.0	1.0
chr2	67000001	80500000	internal88	2.0	1.0
chr2	67000001	80500000	internal70	2.0	1.0
chr2	67000001	80500000	A96123A-R24-C53	2.0	1.0
chr2	67000001	80500000	A96123A-R24-C37	2.0	1.0
chr2	67000001	80500000	A96123A-R21-C36	2.0	1.0
chr2	67000001	80500000	A96167B-R37-C09	1.0	1.0
chr2	67000001	80500000	A96167B-R56-C15	1.0	2.0
chr2	80500001	81000000	internal225	2.0	1.0
chr2	80500001	81000000	internal191	2.0	1.0
chr2	80500001	81000000	internal90	2.0	1.0
chr2	80500001	81000000	internal96	2.0	1.0
chr2	80500001	81000000	A96167B-R43-C11	2.0	1.0
chr2	80500001	81000000	internal88	2.0	1.0
chr2	80500001	81000000	internal70	2.0	1.0
chr2	80500001	81000000	A96123A-R24-C53	2.0	1.0
chr2	80500001	81000000	A96123A-R24-C37	2.0	1.0
chr2	80500001	81000000	A96123A-R21-C36	1.0	1.0
chr2	80500001	81000000	A96167B-R37-C09	2.0	1.0
chr2	80500001	81000000	A96167B-R56-C15	1.0	2.0
chr2	81000001	86500000	internal225	2.0	1.0
chr2	81000001	86500000	internal191	2.0	1.0
chr2	81000001	86500000	internal90	2.0	1.0
chr2	81000001	86500000	internal96	2.0	1.0
chr2	81000001	86500000	A96167B-R43-C11	2.0	1.0
chr2	81000001	86500000	internal88	2.0	1.0
chr2	81000001	86500000	internal70	2.0	1.0
chr2	81000001	86500000	A96123A-R24-C53	2.0	1.0
chr2	81000001	86500000	A96123A-R24-C37	2.0	1.0
chr2	81000001	86500000	A96123A-R21-C36	1.0	1.0
chr2	81000001	86500000	A96167B-R37-C09	1.0	1.0
chr2	81000001	86500000	A96167B-R56-C15	1.0	2.0
chr2	99500001	112000000	internal225	1.0	1.0
chr2	99500001	112000000	internal191	2.0	1.0
chr2	99500001	112000000	internal90	1.0	1.0
chr2	99500001	112000000	internal96	1.0	1.0
chr2	99500001	112000000	A96167B-R43-C11	1.0	1.0
chr2	99500001	112000000	internal88	1.0	1.0
chr2	99500001	112000000	internal70	1.0	1.0
chr2	99500001	112000000	A96123A-R24-C53	1.0	1.0
chr2	99500001	112000000	A96123A-R24-C37	1.0	1.0
chr2	99500001	112000000	A96123A-R21-C36	1.0	1.0
chr2	99500001	112000000	A96167B-R37-C09	1.0	1.0
chr2	99500001	112000000	A96167B-R56-C15	2.0	1.0
chr2	112000001	112500000	internal225	1.0	1.0
chr2	112000001	112500000	internal191	2.0	1.0
chr2	112000001	112500000	internal90	1.0	1.0
chr2	112000001	112500000	internal96	1.0	1.0
chr2	112000001	112500000	A96167B-R43-C11	1.0	1.0
chr2	112000001	112500000	internal88	1.0	1.0
chr2	112000001	112500000	internal70	1.0	1.0
chr2	112000001	112500000	A96123A-R24-C53	1.0	1.0
chr2	112000001	112500000	A96123A-R24-C37	1.0	1.0
chr2	112000001	112500000	A96123A-R21-C36	1.0	1.0
chr2	112000001	112500000	A96167B-R37-C09	1.0	1.0
chr2	112000001	112500000	A96167B-R56-C15	2.0	1.0
chr2	113500001	116500000	internal225	1.0	1.0
chr2	113500001	116500000	internal191	2.0	1.0
chr2	113500001	116500000	internal90	1.0	1.0
chr2	113500001	116500000	internal96	1.0	1.0
chr2	113500001	116500000	A96167B-R43-C11	1.0	1.0
chr2	113500001	116500000	internal88	1.0	1.0
chr2	113500001	116500000	internal70	1.0	1.0
chr2	113500001	116500000	A96123A-R24-C53	1.0	1.0
chr2	113500001	116500000	A96123A-R24-C37	1.0	1.0
chr2	113500001	116500000	A96123A-R21-C36	1.0	1.0
chr2	113500001	116500000	A96167B-R37-C09	1.0	1.0
chr2	113500001	116500000	A96167B-R56-C15	2.0	1.0
chr2	117000001	122500000	internal225	1.0	1.0
chr2	117000001	122500000	internal191	2.0	1.0
chr2	117000001	122500000	internal90	1.0	1.0
chr2	117000001	122500000	internal96	1.0	1.0
chr2	117000001	122500000	A96167B-R43-C11	1.0	1.0
chr2	117000001	122500000	internal88	1.0	1.0
chr2	117000001	122500000	internal70	1.0	1.0
chr2	117000001	122500000	A96123A-R24-C53	1.0	1.0
chr2	117000001	122500000	A96123A-R24-C37	1.0	1.0
chr2	117000001	122500000	A96123A-R21-C36	1.0	1.0
chr2	117000001	122500000	A96167B-R37-C09	1.0	1.0
chr2	117000001	122500000	A96167B-R56-C15	3.0	1.0
chr2	123000001	124500000	internal225	1.0	1.0
chr2	123000001	124500000	internal191	2.0	1.0
chr2	123000001	124500000	internal90	1.0	1.0
chr2	123000001	124500000	internal96	1.0	1.0
chr2	123000001	124500000	A96167B-R43-C11	1.0	1.0
chr2	123000001	124500000	internal88	1.0	1.0
chr2	123000001	124500000	internal70	1.0	1.0
chr2	123000001	124500000	A96123A-R24-C53	1.0	1.0
chr2	123000001	124500000	A96123A-R24-C37	1.0	1.0
chr2	123000001	124500000	A96123A-R21-C36	1.0	1.0
chr2	123000001	124500000	A96167B-R37-C09	1.0	1.0
chr2	123000001	124500000	A96167B-R56-C15	3.0	1.0
chr2	124500001	129500000	internal225	1.0	1.0
chr2	124500001	129500000	internal191	2.0	1.0
chr2	124500001	129500000	internal90	1.0	1.0
chr2	124500001	129500000	internal96	1.0	1.0
chr2	124500001	129500000	A96167B-R43-C11	1.0	1.0
chr2	124500001	129500000	internal88	1.0	1.0
chr2	124500001	129500000	internal70	1.0	1.0
chr2	124500001	129500000	A96123A-R24-C53	1.0	1.0
chr2	124500001	129500000	A96123A-R24-C37	1.0	1.0
chr2	124500001	129500000	A96123A-R21-C36	1.0	1.0
chr2	124500001	129500000	A96167B-R37-C09	1.0	1.0
chr2	124500001	129500000	A96167B-R56-C15	2.0	2.0
chr2	133000001	133500000	internal225	1.0	1.0
chr2	133000001	133500000	internal191	2.0	1.0
chr2	133000001	133500000	internal90	1.0	1.0
chr2	133000001	133500000	internal96	1.0	1.0
chr2	133000001	133500000	A96167B-R43-C11	1.0	1.0
chr2	133000001	133500000	internal88	1.0	1.0
chr2	133000001	133500000	internal70	1.0	1.0
chr2	133000001	133500000	A96123A-R24-C53	1.0	1.0
chr2	133000001	133500000	A96123A-R24-C37	1.0	1.0
chr2	133000001	133500000	A96123A-R21-C36	1.0	1.0
chr2	133000001	133500000	A96167B-R37-C09	1.0	1.0
chr2	133000001	133500000	A96167B-R56-C15	2.0	2.0
chr2	133500001	141500000	internal225	1.0	1.0
chr2	133500001	141500000	internal191	2.0	1.0
chr2	133500001	141500000	internal90	1.0	1.0
chr2	133500001	141500000	internal96	1.0	1.0
chr2	133500001	141500000	A96167B-R43-C11	1.0	1.0
chr2	133500001	141500000	internal88	1.0	1.0
chr2	133500001	141500000	internal70	1.0	1.0
chr2	133500001	141500000	A96123A-R24-C53	1.0	1.0
chr2	133500001	141500000	A96123A-R24-C37	1.0	1.0
chr2	133500001	141500000	A96123A-R21-C36	1.0	1.0
chr2	133500001	141500000	A96167B-R37-C09	1.0	1.0
chr2	133500001	141500000	A96167B-R56-C15	3.0	1.0
chr2	141500001	152000000	internal225	1.0	1.0
chr2	141500001	152000000	internal191	2.0	1.0
chr2	141500001	152000000	internal90	1.0	1.0
chr2	141500001	152000000	internal96	1.0	1.0
chr2	141500001	152000000	A96167B-R43-C11	1.0	1.0
chr2	141500001	152000000	internal88	1.0	1.0
chr2	141500001	152000000	internal70	1.0	1.0
chr2	141500001	152000000	A96123A-R24-C53	1.0	1.0
chr2	141500001	152000000	A96123A-R24-C37	1.0	1.0
chr2	141500001	152000000	A96123A-R21-C36	1.0	1.0
chr2	141500001	152000000	A96167B-R37-C09	1.0	1.0
chr2	141500001	152000000	A96167B-R56-C15	3.0	1.0
chr2	152500001	156500000	internal225	1.0	1.0
chr2	152500001	156500000	internal191	2.0	1.0
chr2	152500001	156500000	internal90	1.0	1.0
chr2	152500001	156500000	internal96	1.0	1.0
chr2	152500001	156500000	A96167B-R43-C11	1.0	1.0
chr2	152500001	156500000	internal88	1.0	1.0
chr2	152500001	156500000	internal70	1.0	1.0
chr2	152500001	156500000	A96123A-R24-C53	1.0	1.0
chr2	152500001	156500000	A96123A-R24-C37	1.0	1.0
chr2	152500001	156500000	A96123A-R21-C36	1.0	1.0
chr2	152500001	156500000	A96167B-R37-C09	1.0	1.0
chr2	152500001	156500000	A96167B-R56-C15	3.0	1.0
chr2	156500001	166000000	internal225	1.0	1.0
chr2	156500001	166000000	internal191	1.0	1.0
chr2	156500001	166000000	internal90	1.0	1.0
chr2	156500001	166000000	internal96	1.0	1.0
chr2	156500001	166000000	A96167B-R43-C11	1.0	1.0
chr2	156500001	166000000	internal88	1.0	1.0
chr2	156500001	166000000	internal70	1.0	1.0
chr2	156500001	166000000	A96123A-R24-C53	1.0	1.0
chr2	156500001	166000000	A96123A-R24-C37	1.0	1.0
chr2	156500001	166000000	A96123A-R21-C36	1.0	1.0
chr2	156500001	166000000	A96167B-R37-C09	1.0	1.0
chr2	156500001	166000000	A96167B-R56-C15	1.0	3.0
chr2	166000001	171000000	internal225	1.0	1.0
chr2	166000001	171000000	internal191	1.0	1.0
chr2	166000001	171000000	internal90	1.0	1.0
chr2	166000001	171000000	internal96	1.0	1.0
chr2	166000001	171000000	A96167B-R43-C11	1.0	1.0
chr2	166000001	171000000	internal88	1.0	1.0
chr2	166000001	171000000	internal70	1.0	1.0
chr2	166000001	171000000	A96123A-R24-C53	1.0	1.0
chr2	166000001	171000000	A96123A-R24-C37	1.0	1.0
chr2	166000001	171000000	A96123A-R21-C36	1.0	1.0
chr2	166000001	171000000	A96167B-R37-C09	1.0	1.0
chr2	166000001	171000000	A96167B-R56-C15	1.0	2.0
chr2	171000001	184000000	internal225	1.0	1.0
chr2	171000001	184000000	internal191	1.0	1.0
chr2	171000001	184000000	internal90	1.0	1.0
chr2	171000001	184000000	internal96	1.0	1.0
chr2	171000001	184000000	A96167B-R43-C11	1.0	1.0
chr2	171000001	184000000	internal88	1.0	1.0
chr2	171000001	184000000	internal70	1.0	1.0
chr2	171000001	184000000	A96123A-R24-C53	1.0	1.0
chr2	171000001	184000000	A96123A-R24-C37	1.0	1.0
chr2	171000001	184000000	A96123A-R21-C36	1.0	1.0
chr2	171000001	184000000	A96167B-R37-C09	1.0	1.0
chr2	171000001	184000000	A96167B-R56-C15	1.0	4.0
chr2	184000001	191000000	internal225	1.0	1.0
chr2	184000001	191000000	internal191	1.0	1.0
chr2	184000001	191000000	internal90	1.0	1.0
chr2	184000001	191000000	internal96	1.5	1.0
chr2	184000001	191000000	A96167B-R43-C11	1.0	1.0
chr2	184000001	191000000	internal88	1.0	1.0
chr2	184000001	191000000	internal70	1.0	1.0
chr2	184000001	191000000	A96123A-R24-C53	1.0	1.0
chr2	184000001	191000000	A96123A-R24-C37	1.0	1.0
chr2	184000001	191000000	A96123A-R21-C36	1.0	1.0
chr2	184000001	191000000	A96167B-R37-C09	1.0	1.0
chr2	184000001	191000000	A96167B-R56-C15	1.0	4.0
chr2	191000001	191500000	internal225	2.0	1.0
chr2	191000001	191500000	internal191	2.0	1.0
chr2	191000001	191500000	internal90	1.5	1.0
chr2	191000001	191500000	internal96	2.0	1.0
chr2	191000001	191500000	A96167B-R43-C11	2.0	1.0
chr2	191000001	191500000	internal88	2.0	1.0
chr2	191000001	191500000	internal70	1.0	1.0
chr2	191000001	191500000	A96123A-R24-C53	1.0	1.0
chr2	191000001	191500000	A96123A-R24-C37	2.0	1.0
chr2	191000001	191500000	A96123A-R21-C36	1.0	1.0
chr2	191000001	191500000	A96167B-R37-C09	1.0	1.0
chr2	191000001	191500000	A96167B-R56-C15	1.0	4.0
chr2	191500001	197500000	internal225	2.0	1.0
chr2	191500001	197500000	internal191	2.0	1.0
chr2	191500001	197500000	internal90	1.5	1.5
chr2	191500001	197500000	internal96	2.0	1.0
chr2	191500001	197500000	A96167B-R43-C11	2.0	1.0
chr2	191500001	197500000	internal88	2.0	1.0
chr2	191500001	197500000	internal70	2.0	1.0
chr2	191500001	197500000	A96123A-R24-C53	2.0	1.0
chr2	191500001	197500000	A96123A-R24-C37	2.0	1.0
chr2	191500001	197500000	A96123A-R21-C36	3.0	1.0
chr2	191500001	197500000	A96167B-R37-C09	1.0	1.0
chr2	191500001	197500000	A96167B-R56-C15	4.0	1.0
chr2	198000001	203000000	internal225	2.0	1.0
chr2	198000001	203000000	internal191	2.0	1.0
chr2	198000001	203000000	internal90	2.0	0.0
chr2	198000001	203000000	internal96	2.0	1.0
chr2	198000001	203000000	A96167B-R43-C11	2.0	1.0
chr2	198000001	203000000	internal88	2.0	1.0
chr2	198000001	203000000	internal70	2.0	1.0
chr2	198000001	203000000	A96123A-R24-C53	2.0	1.0
chr2	198000001	203000000	A96123A-R24-C37	2.0	1.0
chr2	198000001	203000000	A96123A-R21-C36	3.0	1.0
chr2	198000001	203000000	A96167B-R37-C09	2.0	1.0
chr2	198000001	203000000	A96167B-R56-C15	4.0	1.0
chr2	203000001	204500000	internal225	2.0	1.0
chr2	203000001	204500000	internal191	2.0	1.0
chr2	203000001	204500000	internal90	2.0	0.0
chr2	203000001	204500000	internal96	2.0	1.0
chr2	203000001	204500000	A96167B-R43-C11	2.0	1.0
chr2	203000001	204500000	internal88	2.0	1.0
chr2	203000001	204500000	internal70	2.0	1.0
chr2	203000001	204500000	A96123A-R24-C53	2.0	1.0
chr2	203000001	204500000	A96123A-R24-C37	2.0	1.0
chr2	203000001	204500000	A96123A-R21-C36	2.0	1.0
chr2	203000001	204500000	A96167B-R37-C09	2.0	1.0
chr2	203000001	204500000	A96167B-R56-C15	2.0	1.0
chr2	204500001	205500000	internal225	2.0	1.0
chr2	204500001	205500000	internal191	2.0	1.0
chr2	204500001	205500000	internal90	2.5	0.0
chr2	204500001	205500000	internal96	2.0	1.0
chr2	204500001	205500000	A96167B-R43-C11	2.0	1.0
chr2	204500001	205500000	internal88	1.0	1.0
chr2	204500001	205500000	internal70	2.0	1.0
chr2	204500001	205500000	A96123A-R24-C53	2.0	1.0
chr2	204500001	205500000	A96123A-R24-C37	2.0	1.0
chr2	204500001	205500000	A96123A-R21-C36	2.0	1.0
chr2	204500001	205500000	A96167B-R37-C09	2.0	1.0
chr2	204500001	205500000	A96167B-R56-C15	2.0	1.0
chr2	206000001	213000000	internal225	1.0	1.0
chr2	206000001	213000000	internal191	1.0	1.0
chr2	206000001	213000000	internal90	1.0	0.5
chr2	206000001	213000000	internal96	1.0	1.0
chr2	206000001	213000000	A96167B-R43-C11	1.0	1.0
chr2	206000001	213000000	internal88	1.0	1.0
chr2	206000001	213000000	internal70	1.0	1.0
chr2	206000001	213000000	A96123A-R24-C53	1.0	1.0
chr2	206000001	213000000	A96123A-R24-C37	1.0	1.0
chr2	206000001	213000000	A96123A-R21-C36	1.0	1.0
chr2	206000001	213000000	A96167B-R37-C09	1.0	1.0
chr2	206000001	213000000	A96167B-R56-C15	2.0	1.0
chr2	213000001	214000000	internal225	1.0	1.0
chr2	213000001	214000000	internal191	1.0	1.0
chr2	213000001	214000000	internal90	1.0	1.0
chr2	213000001	214000000	internal96	1.0	1.0
chr2	213000001	214000000	A96167B-R43-C11	1.0	1.0
chr2	213000001	214000000	internal88	1.0	1.0
chr2	213000001	214000000	internal70	1.0	1.0
chr2	213000001	214000000	A96123A-R24-C53	1.0	1.0
chr2	213000001	214000000	A96123A-R24-C37	1.0	1.0
chr2	213000001	214000000	A96123A-R21-C36	1.0	1.0
chr2	213000001	214000000	A96167B-R37-C09	1.0	1.0
chr2	213000001	214000000	A96167B-R56-C15	1.0	2.0
chr2	214500001	215000000	internal225	1.0	1.0
chr2	214500001	215000000	internal191	1.0	1.0
chr2	214500001	215000000	internal90	1.0	1.0
chr2	214500001	215000000	internal96	1.0	1.0
chr2	214500001	215000000	A96167B-R43-C11	1.0	1.0
chr2	214500001	215000000	internal88	1.0	1.0
chr2	214500001	215000000	internal70	1.0	1.0
chr2	214500001	215000000	A96123A-R24-C53	1.0	1.0
chr2	214500001	215000000	A96123A-R24-C37	1.0	1.0
chr2	214500001	215000000	A96123A-R21-C36	1.0	1.0
chr2	214500001	215000000	A96167B-R37-C09	1.0	1.0
chr2	214500001	215000000	A96167B-R56-C15	1.0	2.0
chr2	215000001	227000000	internal225	1.0	1.0
chr2	215000001	227000000	internal191	1.0	1.0
chr2	215000001	227000000	internal90	1.0	1.0
chr2	215000001	227000000	internal96	1.0	1.0
chr2	215000001	227000000	A96167B-R43-C11	1.0	1.0
chr2	215000001	227000000	internal88	1.0	1.0
chr2	215000001	227000000	internal70	1.0	1.0
chr2	215000001	227000000	A96123A-R24-C53	1.0	1.0
chr2	215000001	227000000	A96123A-R24-C37	1.0	1.0
chr2	215000001	227000000	A96123A-R21-C36	1.0	1.0
chr2	215000001	227000000	A96167B-R37-C09	1.0	1.0
chr2	215000001	227000000	A96167B-R56-C15	1.0	2.0
chr2	227000001	241500000	internal225	1.0	1.0
chr2	227000001	241500000	internal191	1.0	1.0
chr2	227000001	241500000	internal90	1.0	1.0
chr2	227000001	241500000	internal96	1.0	1.0
chr2	227000001	241500000	A96167B-R43-C11	1.0	1.0
chr2	227000001	241500000	internal88	1.0	1.0
chr2	227000001	241500000	internal70	1.0	1.0
chr2	227000001	241500000	A96123A-R24-C53	1.0	1.0
chr2	227000001	241500000	A96123A-R24-C37	1.0	1.0
chr2	227000001	241500000	A96123A-R21-C36	1.0	1.0
chr2	227000001	241500000	A96167B-R37-C09	1.0	1.0
chr2	227000001	241500000	A96167B-R56-C15	2.0	2.0
chr20	1500001	10000000	internal225	2.0	2.0
chr20	1500001	10000000	internal191	2.0	3.0
chr20	1500001	10000000	internal90	2.0	2.0
chr20	1500001	10000000	internal96	2.0	2.0
chr20	1500001	10000000	A96167B-R43-C11	2.0	2.0
chr20	1500001	10000000	internal88	2.0	2.0
chr20	1500001	10000000	internal70	2.0	2.0
chr20	1500001	10000000	A96123A-R24-C53	2.0	2.0
chr20	1500001	10000000	A96123A-R24-C37	3.0	1.0
chr20	1500001	10000000	A96123A-R21-C36	2.0	1.0
chr20	1500001	10000000	A96167B-R37-C09	2.0	1.0
chr20	1500001	10000000	A96167B-R56-C15	1.0	1.0
chr20	10000001	13500000	internal225	2.0	1.0
chr20	10000001	13500000	internal191	2.0	2.0
chr20	10000001	13500000	internal90	2.0	1.0
chr20	10000001	13500000	internal96	2.0	1.0
chr20	10000001	13500000	A96167B-R43-C11	1.0	2.0
chr20	10000001	13500000	internal88	1.5	1.0
chr20	10000001	13500000	internal70	2.0	1.0
chr20	10000001	13500000	A96123A-R24-C53	2.0	1.0
chr20	10000001	13500000	A96123A-R24-C37	1.0	2.0
chr20	10000001	13500000	A96123A-R21-C36	2.0	1.0
chr20	10000001	13500000	A96167B-R37-C09	2.0	1.0
chr20	10000001	13500000	A96167B-R56-C15	1.0	1.0
chr20	13500001	15000000	internal225	2.0	1.0
chr20	13500001	15000000	internal191	2.0	2.0
chr20	13500001	15000000	internal90	2.0	1.0
chr20	13500001	15000000	internal96	2.0	1.0
chr20	13500001	15000000	A96167B-R43-C11	1.0	2.0
chr20	13500001	15000000	internal88	2.0	1.0
chr20	13500001	15000000	internal70	2.0	1.0
chr20	13500001	15000000	A96123A-R24-C53	2.0	1.0
chr20	13500001	15000000	A96123A-R24-C37	1.0	2.0
chr20	13500001	15000000	A96123A-R21-C36	2.0	1.0
chr20	13500001	15000000	A96167B-R37-C09	2.0	1.0
chr20	13500001	15000000	A96167B-R56-C15	1.0	1.0
chr20	15000001	15500000	internal225	2.0	1.0
chr20	15000001	15500000	internal191	2.0	2.0
chr20	15000001	15500000	internal90	2.0	1.0
chr20	15000001	15500000	internal96	2.0	1.0
chr20	15000001	15500000	A96167B-R43-C11	2.0	1.0
chr20	15000001	15500000	internal88	2.0	1.0
chr20	15000001	15500000	internal70	2.0	1.0
chr20	15000001	15500000	A96123A-R24-C53	2.0	1.0
chr20	15000001	15500000	A96123A-R24-C37	1.0	2.0
chr20	15000001	15500000	A96123A-R21-C36	2.0	1.0
chr20	15000001	15500000	A96167B-R37-C09	2.0	1.0
chr20	15000001	15500000	A96167B-R56-C15	1.0	1.0
chr20	15500001	23000000	internal225	2.0	1.0
chr20	15500001	23000000	internal191	2.0	2.0
chr20	15500001	23000000	internal90	2.0	1.0
chr20	15500001	23000000	internal96	2.0	1.0
chr20	15500001	23000000	A96167B-R43-C11	2.0	1.0
chr20	15500001	23000000	internal88	2.0	1.0
chr20	15500001	23000000	internal70	2.0	1.0
chr20	15500001	23000000	A96123A-R24-C53	2.0	1.0
chr20	15500001	23000000	A96123A-R24-C37	2.0	1.0
chr20	15500001	23000000	A96123A-R21-C36	2.0	1.0
chr20	15500001	23000000	A96167B-R37-C09	2.0	1.0
chr20	15500001	23000000	A96167B-R56-C15	1.0	1.0
chr20	33000001	38000000	internal225	2.0	1.0
chr20	33000001	38000000	internal191	2.0	2.0
chr20	33000001	38000000	internal90	2.0	1.0
chr20	33000001	38000000	internal96	2.0	1.0
chr20	33000001	38000000	A96167B-R43-C11	2.0	1.0
chr20	33000001	38000000	internal88	2.0	1.0
chr20	33000001	38000000	internal70	2.0	1.0
chr20	33000001	38000000	A96123A-R24-C53	2.0	1.0
chr20	33000001	38000000	A96123A-R24-C37	2.0	1.0
chr20	33000001	38000000	A96123A-R21-C36	2.0	1.0
chr20	33000001	38000000	A96167B-R37-C09	2.0	1.0
chr20	33000001	38000000	A96167B-R56-C15	1.0	1.0
chr20	38500001	47500000	internal225	2.0	1.0
chr20	38500001	47500000	internal191	2.0	1.0
chr20	38500001	47500000	internal90	2.0	1.0
chr20	38500001	47500000	internal96	2.0	1.0
chr20	38500001	47500000	A96167B-R43-C11	2.0	1.0
chr20	38500001	47500000	internal88	2.0	1.0
chr20	38500001	47500000	internal70	2.0	1.0
chr20	38500001	47500000	A96123A-R24-C53	2.0	1.0
chr20	38500001	47500000	A96123A-R24-C37	2.0	1.0
chr20	38500001	47500000	A96123A-R21-C36	2.0	1.0
chr20	38500001	47500000	A96167B-R37-C09	2.0	1.0
chr20	38500001	47500000	A96167B-R56-C15	2.0	1.0
chr20	47500001	48000000	internal225	3.0	3.0
chr20	47500001	48000000	internal191	2.0	2.0
chr20	47500001	48000000	internal90	2.0	2.0
chr20	47500001	48000000	internal96	3.0	2.5
chr20	47500001	48000000	A96167B-R43-C11	3.0	1.0
chr20	47500001	48000000	internal88	2.0	1.0
chr20	47500001	48000000	internal70	2.0	1.0
chr20	47500001	48000000	A96123A-R24-C53	2.0	1.0
chr20	47500001	48000000	A96123A-R24-C37	2.0	1.0
chr20	47500001	48000000	A96123A-R21-C36	2.0	1.0
chr20	47500001	48000000	A96167B-R37-C09	2.0	1.0
chr20	47500001	48000000	A96167B-R56-C15	2.0	1.0
chr20	48000001	51000000	internal225	3.0	3.0
chr20	48000001	51000000	internal191	2.0	3.0
chr20	48000001	51000000	internal90	3.0	2.0
chr20	48000001	51000000	internal96	3.0	2.5
chr20	48000001	51000000	A96167B-R43-C11	3.0	4.0
chr20	48000001	51000000	internal88	3.0	3.0
chr20	48000001	51000000	internal70	3.0	4.0
chr20	48000001	51000000	A96123A-R24-C53	4.0	2.0
chr20	48000001	51000000	A96123A-R24-C37	4.0	2.0
chr20	48000001	51000000	A96123A-R21-C36	4.0	2.0
chr20	48000001	51000000	A96167B-R37-C09	5.0	1.0
chr20	48000001	51000000	A96167B-R56-C15	2.0	1.0
chr20	51000001	52000000	internal225	3.0	3.0
chr20	51000001	52000000	internal191	2.0	3.0
chr20	51000001	52000000	internal90	2.5	2.0
chr20	51000001	52000000	internal96	3.0	2.5
chr20	51000001	52000000	A96167B-R43-C11	3.0	4.0
chr20	51000001	52000000	internal88	3.0	3.0
chr20	51000001	52000000	internal70	2.0	4.0
chr20	51000001	52000000	A96123A-R24-C53	3.0	3.0
chr20	51000001	52000000	A96123A-R24-C37	3.0	3.0
chr20	51000001	52000000	A96123A-R21-C36	3.0	3.0
chr20	51000001	52000000	A96167B-R37-C09	2.0	4.0
chr20	51000001	52000000	A96167B-R56-C15	2.0	1.0
chr20	52500001	53000000	internal225	3.0	3.0
chr20	52500001	53000000	internal191	2.0	3.0
chr20	52500001	53000000	internal90	2.5	2.0
chr20	52500001	53000000	internal96	3.0	2.5
chr20	52500001	53000000	A96167B-R43-C11	3.0	4.0
chr20	52500001	53000000	internal88	3.0	3.0
chr20	52500001	53000000	internal70	2.0	4.0
chr20	52500001	53000000	A96123A-R24-C53	3.0	3.0
chr20	52500001	53000000	A96123A-R24-C37	3.0	3.0
chr20	52500001	53000000	A96123A-R21-C36	3.0	3.0
chr20	52500001	53000000	A96167B-R37-C09	2.0	4.0
chr20	52500001	53000000	A96167B-R56-C15	2.0	1.0
chr20	53000001	56500000	internal225	3.0	3.0
chr20	53000001	56500000	internal191	2.0	3.0
chr20	53000001	56500000	internal90	2.0	2.0
chr20	53000001	56500000	internal96	3.0	2.5
chr20	53000001	56500000	A96167B-R43-C11	3.0	4.0
chr20	53000001	56500000	internal88	3.0	3.0
chr20	53000001	56500000	internal70	2.0	4.0
chr20	53000001	56500000	A96123A-R24-C53	3.0	3.0
chr20	53000001	56500000	A96123A-R24-C37	3.0	3.0
chr20	53000001	56500000	A96123A-R21-C36	3.0	3.0
chr20	53000001	56500000	A96167B-R37-C09	2.0	4.0
chr20	53000001	56500000	A96167B-R56-C15	2.0	1.0
chr20	56500001	59000000	internal225	3.0	3.0
chr20	56500001	59000000	internal191	2.0	3.0
chr20	56500001	59000000	internal90	2.0	2.0
chr20	56500001	59000000	internal96	3.0	2.5
chr20	56500001	59000000	A96167B-R43-C11	3.0	4.0
chr20	56500001	59000000	internal88	3.0	3.0
chr20	56500001	59000000	internal70	2.0	4.0
chr20	56500001	59000000	A96123A-R24-C53	3.0	3.0
chr20	56500001	59000000	A96123A-R24-C37	3.0	3.0
chr20	56500001	59000000	A96123A-R21-C36	3.0	3.0
chr20	56500001	59000000	A96167B-R37-C09	2.0	4.0
chr20	56500001	59000000	A96167B-R56-C15	2.0	1.0
chr20	59000001	61000000	internal225	3.0	3.0
chr20	59000001	61000000	internal191	2.0	3.0
chr20	59000001	61000000	internal90	2.0	2.0
chr20	59000001	61000000	internal96	3.0	2.5
chr20	59000001	61000000	A96167B-R43-C11	3.0	4.0
chr20	59000001	61000000	internal88	3.0	3.0
chr20	59000001	61000000	internal70	2.0	4.0
chr20	59000001	61000000	A96123A-R24-C53	3.0	3.0
chr20	59000001	61000000	A96123A-R24-C37	3.0	3.0
chr20	59000001	61000000	A96123A-R21-C36	3.0	3.0
chr20	59000001	61000000	A96167B-R37-C09	2.0	4.0
chr20	59000001	61000000	A96167B-R56-C15	2.0	1.0
chr21	17000001	27000000	internal225	2.0	1.0
chr21	17000001	27000000	internal191	2.0	1.0
chr21	17000001	27000000	internal90	2.0	1.0
chr21	17000001	27000000	internal96	1.5	1.0
chr21	17000001	27000000	A96167B-R43-C11	2.0	1.0
chr21	17000001	27000000	internal88	2.0	1.0
chr21	17000001	27000000	internal70	2.0	1.0
chr21	17000001	27000000	A96123A-R24-C53	2.0	1.0
chr21	17000001	27000000	A96123A-R24-C37	1.0	1.0
chr21	17000001	27000000	A96123A-R21-C36	2.0	1.0
chr21	17000001	27000000	A96167B-R37-C09	2.0	1.0
chr21	17000001	27000000	A96167B-R56-C15	1.0	1.0
chr21	27000001	30500000	internal225	2.0	1.0
chr21	27000001	30500000	internal191	2.0	1.0
chr21	27000001	30500000	internal90	2.0	1.0
chr21	27000001	30500000	internal96	2.0	0.5
chr21	27000001	30500000	A96167B-R43-C11	2.0	1.0
chr21	27000001	30500000	internal88	2.0	1.0
chr21	27000001	30500000	internal70	2.0	1.0
chr21	27000001	30500000	A96123A-R24-C53	2.0	1.0
chr21	27000001	30500000	A96123A-R24-C37	1.0	1.0
chr21	27000001	30500000	A96123A-R21-C36	2.0	1.0
chr21	27000001	30500000	A96167B-R37-C09	2.0	1.0
chr21	27000001	30500000	A96167B-R56-C15	1.0	1.0
chr21	30500001	33000000	internal225	2.0	1.0
chr21	30500001	33000000	internal191	2.0	1.0
chr21	30500001	33000000	internal90	2.0	1.0
chr21	30500001	33000000	internal96	2.0	0.5
chr21	30500001	33000000	A96167B-R43-C11	2.0	1.0
chr21	30500001	33000000	internal88	2.0	1.0
chr21	30500001	33000000	internal70	2.0	1.0
chr21	30500001	33000000	A96123A-R24-C53	2.0	1.0
chr21	30500001	33000000	A96123A-R24-C37	2.0	0.0
chr21	30500001	33000000	A96123A-R21-C36	2.0	1.0
chr21	30500001	33000000	A96167B-R37-C09	2.0	1.0
chr21	30500001	33000000	A96167B-R56-C15	1.0	1.0
chr21	33000001	33500000	internal225	2.0	1.0
chr21	33000001	33500000	internal191	2.0	1.0
chr21	33000001	33500000	internal90	2.0	1.0
chr21	33000001	33500000	internal96	2.0	0.5
chr21	33000001	33500000	A96167B-R43-C11	2.0	1.0
chr21	33000001	33500000	internal88	2.0	1.0
chr21	33000001	33500000	internal70	2.0	1.0
chr21	33000001	33500000	A96123A-R24-C53	2.0	1.0
chr21	33000001	33500000	A96123A-R24-C37	2.0	0.0
chr21	33000001	33500000	A96123A-R21-C36	2.0	1.0
chr21	33000001	33500000	A96167B-R37-C09	2.0	1.0
chr21	33000001	33500000	A96167B-R56-C15	1.0	1.0
chr21	33500001	40000000	internal225	2.0	1.0
chr21	33500001	40000000	internal191	2.0	1.0
chr21	33500001	40000000	internal90	2.0	1.0
chr21	33500001	40000000	internal96	2.0	0.5
chr21	33500001	40000000	A96167B-R43-C11	2.0	1.0
chr21	33500001	40000000	internal88	2.0	1.0
chr21	33500001	40000000	internal70	2.0	1.0
chr21	33500001	40000000	A96123A-R24-C53	2.0	1.0
chr21	33500001	40000000	A96123A-R24-C37	2.0	0.0
chr21	33500001	40000000	A96123A-R21-C36	2.0	1.0
chr21	33500001	40000000	A96167B-R37-C09	1.0	1.0
chr21	33500001	40000000	A96167B-R56-C15	1.0	1.0
chr21	40000001	40500000	internal225	2.0	1.0
chr21	40000001	40500000	internal191	2.0	1.0
chr21	40000001	40500000	internal90	2.0	1.0
chr21	40000001	40500000	internal96	2.0	0.5
chr21	40000001	40500000	A96167B-R43-C11	3.0	1.0
chr21	40000001	40500000	internal88	2.0	1.0
chr21	40000001	40500000	internal70	2.0	1.0
chr21	40000001	40500000	A96123A-R24-C53	2.0	1.0
chr21	40000001	40500000	A96123A-R24-C37	2.0	0.0
chr21	40000001	40500000	A96123A-R21-C36	2.0	1.0
chr21	40000001	40500000	A96167B-R37-C09	3.0	1.0
chr21	40000001	40500000	A96167B-R56-C15	1.0	3.0
chr21	40500001	42500000	internal225	2.0	1.0
chr21	40500001	42500000	internal191	2.0	1.0
chr21	40500001	42500000	internal90	2.0	1.0
chr21	40500001	42500000	internal96	2.0	0.5
chr21	40500001	42500000	A96167B-R43-C11	2.0	2.0
chr21	40500001	42500000	internal88	2.0	1.0
chr21	40500001	42500000	internal70	2.0	1.0
chr21	40500001	42500000	A96123A-R24-C53	2.0	1.0
chr21	40500001	42500000	A96123A-R24-C37	2.0	0.0
chr21	40500001	42500000	A96123A-R21-C36	2.0	1.0
chr21	40500001	42500000	A96167B-R37-C09	3.0	1.0
chr21	40500001	42500000	A96167B-R56-C15	1.0	3.0
chr21	43500001	44000000	internal225	2.0	2.0
chr21	43500001	44000000	internal191	2.0	1.0
chr21	43500001	44000000	internal90	2.0	2.0
chr21	43500001	44000000	internal96	1.5	2.0
chr21	43500001	44000000	A96167B-R43-C11	2.0	2.0
chr21	43500001	44000000	internal88	2.0	1.0
chr21	43500001	44000000	internal70	3.0	1.0
chr21	43500001	44000000	A96123A-R24-C53	2.0	1.0
chr21	43500001	44000000	A96123A-R24-C37	1.0	2.0
chr21	43500001	44000000	A96123A-R21-C36	2.0	1.0
chr21	43500001	44000000	A96167B-R37-C09	3.0	1.0
chr21	43500001	44000000	A96167B-R56-C15	2.0	2.0
chr21	44000001	44500000	internal225	2.0	2.0
chr21	44000001	44500000	internal191	2.0	1.0
chr21	44000001	44500000	internal90	2.0	2.0
chr21	44000001	44500000	internal96	1.5	2.0
chr21	44000001	44500000	A96167B-R43-C11	2.0	2.0
chr21	44000001	44500000	internal88	2.0	1.0
chr21	44000001	44500000	internal70	3.0	1.0
chr21	44000001	44500000	A96123A-R24-C53	2.0	1.0
chr21	44000001	44500000	A96123A-R24-C37	1.0	2.0
chr21	44000001	44500000	A96123A-R21-C36	2.0	1.0
chr21	44000001	44500000	A96167B-R37-C09	3.0	1.0
chr21	44000001	44500000	A96167B-R56-C15	2.0	2.0
chr21	45000001	47000000	internal225	2.0	2.0
chr21	45000001	47000000	internal191	2.0	2.0
chr21	45000001	47000000	internal90	2.0	2.0
chr21	45000001	47000000	internal96	1.5	2.0
chr21	45000001	47000000	A96167B-R43-C11	2.0	2.0
chr21	45000001	47000000	internal88	2.0	2.0
chr21	45000001	47000000	internal70	3.0	1.0
chr21	45000001	47000000	A96123A-R24-C53	1.0	2.0
chr21	45000001	47000000	A96123A-R24-C37	1.0	2.0
chr21	45000001	47000000	A96123A-R21-C36	2.0	1.0
chr21	45000001	47000000	A96167B-R37-C09	2.0	2.0
chr21	45000001	47000000	A96167B-R56-C15	3.0	1.0
chr22	22000001	42000000	internal225	2.0	1.0
chr22	22000001	42000000	internal191	2.0	1.0
chr22	22000001	42000000	internal90	2.0	1.0
chr22	22000001	42000000	internal96	2.0	1.0
chr22	22000001	42000000	A96167B-R43-C11	2.0	1.0
chr22	22000001	42000000	internal88	2.0	1.0
chr22	22000001	42000000	internal70	2.0	1.0
chr22	22000001	42000000	A96123A-R24-C53	2.0	1.0
chr22	22000001	42000000	A96123A-R24-C37	2.0	1.0
chr22	22000001	42000000	A96123A-R21-C36	2.0	1.0
chr22	22000001	42000000	A96167B-R37-C09	2.0	1.0
chr22	22000001	42000000	A96167B-R56-C15	2.0	2.0
chr22	42000001	49500000	internal225	2.0	1.0
chr22	42000001	49500000	internal191	1.0	1.0
chr22	42000001	49500000	internal90	2.0	1.0
chr22	42000001	49500000	internal96	2.0	1.0
chr22	42000001	49500000	A96167B-R43-C11	2.0	1.0
chr22	42000001	49500000	internal88	2.0	1.0
chr22	42000001	49500000	internal70	2.0	1.0
chr22	42000001	49500000	A96123A-R24-C53	2.0	1.0
chr22	42000001	49500000	A96123A-R24-C37	2.0	1.0
chr22	42000001	49500000	A96123A-R21-C36	2.0	1.0
chr22	42000001	49500000	A96167B-R37-C09	2.0	1.0
chr22	42000001	49500000	A96167B-R56-C15	3.0	2.0
chr23	3000001	16000000	internal225	2.0	0.0
chr23	3000001	16000000	internal191	2.0	0.0
chr23	3000001	16000000	internal90	2.0	0.0
chr23	3000001	16000000	internal96	2.5	0.0
chr23	3000001	16000000	A96167B-R43-C11	2.0	0.0
chr23	3000001	16000000	internal88	2.0	0.0
chr23	3000001	16000000	internal70	2.0	0.0
chr23	3000001	16000000	A96123A-R24-C53	2.0	0.0
chr23	3000001	16000000	A96123A-R24-C37	2.0	0.0
chr23	3000001	16000000	A96123A-R21-C36	2.0	0.0
chr23	3000001	16000000	A96167B-R37-C09	2.0	0.0
chr23	3000001	16000000	A96167B-R56-C15	1.0	0.0
chr23	16500001	53500000	internal225	2.0	0.0
chr23	16500001	53500000	internal191	2.0	0.0
chr23	16500001	53500000	internal90	2.0	0.0
chr23	16500001	53500000	internal96	2.0	0.0
chr23	16500001	53500000	A96167B-R43-C11	2.0	0.0
chr23	16500001	53500000	internal88	2.0	0.0
chr23	16500001	53500000	internal70	2.0	0.0
chr23	16500001	53500000	A96123A-R24-C53	2.0	0.0
chr23	16500001	53500000	A96123A-R24-C37	2.0	0.0
chr23	16500001	53500000	A96123A-R21-C36	2.0	0.0
chr23	16500001	53500000	A96167B-R37-C09	2.0	0.0
chr23	16500001	53500000	A96167B-R56-C15	1.0	0.0
chr23	95500001	136500000	internal225	1.0	0.0
chr23	95500001	136500000	internal191	1.0	0.0
chr23	95500001	136500000	internal90	1.0	0.0
chr23	95500001	136500000	internal96	1.0	0.0
chr23	95500001	136500000	A96167B-R43-C11	1.0	0.0
chr23	95500001	136500000	internal88	1.0	0.0
chr23	95500001	136500000	internal70	1.0	0.0
chr23	95500001	136500000	A96123A-R24-C53	1.0	0.0
chr23	95500001	136500000	A96123A-R24-C37	1.0	0.0
chr23	95500001	136500000	A96123A-R21-C36	1.0	0.0
chr23	95500001	136500000	A96167B-R37-C09	1.0	0.0
chr23	95500001	136500000	A96167B-R56-C15	2.0	0.0
chr23	136500001	150000000	internal225	1.0	0.0
chr23	136500001	150000000	internal191	1.0	0.0
chr23	136500001	150000000	internal90	1.0	0.0
chr23	136500001	150000000	internal96	1.0	0.0
chr23	136500001	150000000	A96167B-R43-C11	1.0	0.0
chr23	136500001	150000000	internal88	1.0	0.0
chr23	136500001	150000000	internal70	1.0	0.0
chr23	136500001	150000000	A96123A-R24-C53	1.0	0.0
chr23	136500001	150000000	A96123A-R24-C37	1.0	0.0
chr23	136500001	150000000	A96123A-R21-C36	1.0	0.0
chr23	136500001	150000000	A96167B-R37-C09	1.0	0.0
chr23	136500001	150000000	A96167B-R56-C15	2.0	0.0
chr3	2000001	11000000	internal225	2.0	1.0
chr3	2000001	11000000	internal191	2.0	1.0
chr3	2000001	11000000	internal90	2.0	1.0
chr3	2000001	11000000	internal96	1.5	1.0
chr3	2000001	11000000	A96167B-R43-C11	1.0	1.0
chr3	2000001	11000000	internal88	1.5	1.0
chr3	2000001	11000000	internal70	2.0	1.0
chr3	2000001	11000000	A96123A-R24-C53	2.0	2.0
chr3	2000001	11000000	A96123A-R24-C37	2.0	1.0
chr3	2000001	11000000	A96123A-R21-C36	2.0	1.0
chr3	2000001	11000000	A96167B-R37-C09	2.0	1.0
chr3	2000001	11000000	A96167B-R56-C15	1.0	1.0
chr3	11000001	11500000	internal225	2.0	1.0
chr3	11000001	11500000	internal191	2.0	1.0
chr3	11000001	11500000	internal90	2.0	1.0
chr3	11000001	11500000	internal96	1.5	1.0
chr3	11000001	11500000	A96167B-R43-C11	1.0	1.0
chr3	11000001	11500000	internal88	2.0	1.0
chr3	11000001	11500000	internal70	2.0	1.0
chr3	11000001	11500000	A96123A-R24-C53	2.0	2.0
chr3	11000001	11500000	A96123A-R24-C37	2.0	1.0
chr3	11000001	11500000	A96123A-R21-C36	2.0	1.0
chr3	11000001	11500000	A96167B-R37-C09	2.0	1.0
chr3	11000001	11500000	A96167B-R56-C15	1.0	1.0
chr3	11500001	21000000	internal225	2.0	1.0
chr3	11500001	21000000	internal191	2.0	1.0
chr3	11500001	21000000	internal90	2.0	1.0
chr3	11500001	21000000	internal96	1.5	1.0
chr3	11500001	21000000	A96167B-R43-C11	1.0	1.0
chr3	11500001	21000000	internal88	2.0	1.0
chr3	11500001	21000000	internal70	2.0	1.0
chr3	11500001	21000000	A96123A-R24-C53	2.0	2.0
chr3	11500001	21000000	A96123A-R24-C37	2.0	1.0
chr3	11500001	21000000	A96123A-R21-C36	2.0	1.0
chr3	11500001	21000000	A96167B-R37-C09	2.0	1.0
chr3	11500001	21000000	A96167B-R56-C15	1.0	1.0
chr3	21000001	28000000	internal225	2.0	2.0
chr3	21000001	28000000	internal191	2.0	2.0
chr3	21000001	28000000	internal90	1.5	2.0
chr3	21000001	28000000	internal96	2.0	1.5
chr3	21000001	28000000	A96167B-R43-C11	2.0	1.0
chr3	21000001	28000000	internal88	2.0	1.0
chr3	21000001	28000000	internal70	3.0	1.0
chr3	21000001	28000000	A96123A-R24-C53	2.0	2.0
chr3	21000001	28000000	A96123A-R24-C37	3.0	1.0
chr3	21000001	28000000	A96123A-R21-C36	3.0	1.0
chr3	21000001	28000000	A96167B-R37-C09	2.0	1.0
chr3	21000001	28000000	A96167B-R56-C15	1.0	1.0
chr3	28000001	46500000	internal225	2.0	1.0
chr3	28000001	46500000	internal191	2.0	0.0
chr3	28000001	46500000	internal90	1.5	1.0
chr3	28000001	46500000	internal96	2.0	1.0
chr3	28000001	46500000	A96167B-R43-C11	2.0	1.0
chr3	28000001	46500000	internal88	2.0	1.0
chr3	28000001	46500000	internal70	2.0	1.0
chr3	28000001	46500000	A96123A-R24-C53	3.0	1.0
chr3	28000001	46500000	A96123A-R24-C37	2.0	1.0
chr3	28000001	46500000	A96123A-R21-C36	2.0	1.0
chr3	28000001	46500000	A96167B-R37-C09	2.0	1.0
chr3	28000001	46500000	A96167B-R56-C15	1.0	1.0
chr3	47000001	58000000	internal225	2.0	1.0
chr3	47000001	58000000	internal191	2.0	0.0
chr3	47000001	58000000	internal90	1.5	1.0
chr3	47000001	58000000	internal96	2.0	1.0
chr3	47000001	58000000	A96167B-R43-C11	2.0	1.0
chr3	47000001	58000000	internal88	2.0	1.0
chr3	47000001	58000000	internal70	2.0	1.0
chr3	47000001	58000000	A96123A-R24-C53	3.0	1.0
chr3	47000001	58000000	A96123A-R24-C37	2.0	1.0
chr3	47000001	58000000	A96123A-R21-C36	2.0	1.0
chr3	47000001	58000000	A96167B-R37-C09	2.0	1.0
chr3	47000001	58000000	A96167B-R56-C15	1.0	1.0
chr3	58000001	60000000	internal225	2.0	1.0
chr3	58000001	60000000	internal191	2.0	0.5
chr3	58000001	60000000	internal90	2.0	1.0
chr3	58000001	60000000	internal96	2.0	1.0
chr3	58000001	60000000	A96167B-R43-C11	1.0	1.0
chr3	58000001	60000000	internal88	1.5	1.0
chr3	58000001	60000000	internal70	2.0	1.0
chr3	58000001	60000000	A96123A-R24-C53	3.0	1.0
chr3	58000001	60000000	A96123A-R24-C37	2.0	1.0
chr3	58000001	60000000	A96123A-R21-C36	2.0	1.0
chr3	58000001	60000000	A96167B-R37-C09	2.0	1.0
chr3	58000001	60000000	A96167B-R56-C15	1.0	1.0
chr3	60000001	61000000	internal225	2.0	1.0
chr3	60000001	61000000	internal191	2.0	0.5
chr3	60000001	61000000	internal90	2.0	1.0
chr3	60000001	61000000	internal96	2.0	1.0
chr3	60000001	61000000	A96167B-R43-C11	1.0	1.0
chr3	60000001	61000000	internal88	1.0	1.0
chr3	60000001	61000000	internal70	2.0	1.0
chr3	60000001	61000000	A96123A-R24-C53	3.0	1.0
chr3	60000001	61000000	A96123A-R24-C37	2.0	1.0
chr3	60000001	61000000	A96123A-R21-C36	2.0	1.0
chr3	60000001	61000000	A96167B-R37-C09	2.0	1.0
chr3	60000001	61000000	A96167B-R56-C15	1.0	1.0
chr3	61000001	68000000	internal225	2.0	1.0
chr3	61000001	68000000	internal191	2.0	0.5
chr3	61000001	68000000	internal90	1.5	1.0
chr3	61000001	68000000	internal96	2.0	1.0
chr3	61000001	68000000	A96167B-R43-C11	1.0	1.0
chr3	61000001	68000000	internal88	1.0	1.0
chr3	61000001	68000000	internal70	2.0	1.0
chr3	61000001	68000000	A96123A-R24-C53	3.0	1.0
chr3	61000001	68000000	A96123A-R24-C37	2.0	1.0
chr3	61000001	68000000	A96123A-R21-C36	2.0	1.0
chr3	61000001	68000000	A96167B-R37-C09	2.0	1.0
chr3	61000001	68000000	A96167B-R56-C15	1.0	1.0
chr3	68000001	70500000	internal225	2.0	2.0
chr3	68000001	70500000	internal191	2.0	1.0
chr3	68000001	70500000	internal90	2.0	1.5
chr3	68000001	70500000	internal96	3.0	1.0
chr3	68000001	70500000	A96167B-R43-C11	3.0	1.0
chr3	68000001	70500000	internal88	2.0	1.0
chr3	68000001	70500000	internal70	3.0	1.0
chr3	68000001	70500000	A96123A-R24-C53	4.0	1.0
chr3	68000001	70500000	A96123A-R24-C37	3.0	1.0
chr3	68000001	70500000	A96123A-R21-C36	3.0	1.0
chr3	68000001	70500000	A96167B-R37-C09	3.0	1.0
chr3	68000001	70500000	A96167B-R56-C15	1.0	1.0
chr3	70500001	75000000	internal225	2.0	2.0
chr3	70500001	75000000	internal191	2.0	1.0
chr3	70500001	75000000	internal90	2.0	2.0
chr3	70500001	75000000	internal96	2.0	2.0
chr3	70500001	75000000	A96167B-R43-C11	2.0	2.0
chr3	70500001	75000000	internal88	2.0	1.5
chr3	70500001	75000000	internal70	2.0	2.0
chr3	70500001	75000000	A96123A-R24-C53	3.0	2.0
chr3	70500001	75000000	A96123A-R24-C37	3.0	1.0
chr3	70500001	75000000	A96123A-R21-C36	3.0	1.0
chr3	70500001	75000000	A96167B-R37-C09	2.0	2.0
chr3	70500001	75000000	A96167B-R56-C15	1.0	1.0
chr3	75500001	76000000	internal225	2.0	2.0
chr3	75500001	76000000	internal191	2.0	1.5
chr3	75500001	76000000	internal90	2.0	1.0
chr3	75500001	76000000	internal96	2.0	2.0
chr3	75500001	76000000	A96167B-R43-C11	2.0	2.0
chr3	75500001	76000000	internal88	2.0	1.0
chr3	75500001	76000000	internal70	2.0	2.0
chr3	75500001	76000000	A96123A-R24-C53	2.0	2.0
chr3	75500001	76000000	A96123A-R24-C37	2.0	2.0
chr3	75500001	76000000	A96123A-R21-C36	3.0	1.0
chr3	75500001	76000000	A96167B-R37-C09	2.0	2.0
chr3	75500001	76000000	A96167B-R56-C15	1.0	2.0
chr3	76000001	80500000	internal225	2.0	2.0
chr3	76000001	80500000	internal191	2.0	1.5
chr3	76000001	80500000	internal90	2.0	1.0
chr3	76000001	80500000	internal96	2.0	2.0
chr3	76000001	80500000	A96167B-R43-C11	2.0	2.0
chr3	76000001	80500000	internal88	2.0	2.0
chr3	76000001	80500000	internal70	2.0	2.0
chr3	76000001	80500000	A96123A-R24-C53	2.0	2.0
chr3	76000001	80500000	A96123A-R24-C37	2.0	2.0
chr3	76000001	80500000	A96123A-R21-C36	2.0	2.0
chr3	76000001	80500000	A96167B-R37-C09	2.0	2.0
chr3	76000001	80500000	A96167B-R56-C15	0.0	3.0
chr3	81500001	85000000	internal225	2.0	2.0
chr3	81500001	85000000	internal191	2.0	1.5
chr3	81500001	85000000	internal90	2.0	1.0
chr3	81500001	85000000	internal96	2.0	2.0
chr3	81500001	85000000	A96167B-R43-C11	2.0	2.0
chr3	81500001	85000000	internal88	2.0	2.0
chr3	81500001	85000000	internal70	2.0	2.0
chr3	81500001	85000000	A96123A-R24-C53	2.0	2.0
chr3	81500001	85000000	A96123A-R24-C37	2.0	2.0
chr3	81500001	85000000	A96123A-R21-C36	2.0	2.0
chr3	81500001	85000000	A96167B-R37-C09	2.0	2.0
chr3	81500001	85000000	A96167B-R56-C15	3.0	2.0
chr3	97000001	106000000	internal225	2.0	1.0
chr3	97000001	106000000	internal191	2.0	1.0
chr3	97000001	106000000	internal90	2.0	0.0
chr3	97000001	106000000	internal96	2.0	1.0
chr3	97000001	106000000	A96167B-R43-C11	2.0	1.0
chr3	97000001	106000000	internal88	2.0	1.0
chr3	97000001	106000000	internal70	2.0	1.0
chr3	97000001	106000000	A96123A-R24-C53	2.0	1.0
chr3	97000001	106000000	A96123A-R24-C37	2.0	1.0
chr3	97000001	106000000	A96123A-R21-C36	2.0	1.0
chr3	97000001	106000000	A96167B-R37-C09	2.0	2.0
chr3	97000001	106000000	A96167B-R56-C15	3.0	2.0
chr3	106000001	109500000	internal225	2.0	1.0
chr3	106000001	109500000	internal191	2.0	1.0
chr3	106000001	109500000	internal90	2.0	0.0
chr3	106000001	109500000	internal96	2.0	1.0
chr3	106000001	109500000	A96167B-R43-C11	2.0	1.0
chr3	106000001	109500000	internal88	2.0	1.0
chr3	106000001	109500000	internal70	2.0	1.0
chr3	106000001	109500000	A96123A-R24-C53	2.0	1.0
chr3	106000001	109500000	A96123A-R24-C37	3.0	0.0
chr3	106000001	109500000	A96123A-R21-C36	2.0	1.0
chr3	106000001	109500000	A96167B-R37-C09	2.0	2.0
chr3	106000001	109500000	A96167B-R56-C15	5.0	2.0
chr3	109500001	121500000	internal225	2.0	1.0
chr3	109500001	121500000	internal191	2.0	1.0
chr3	109500001	121500000	internal90	2.0	0.0
chr3	109500001	121500000	internal96	2.0	1.0
chr3	109500001	121500000	A96167B-R43-C11	2.0	1.0
chr3	109500001	121500000	internal88	2.0	1.0
chr3	109500001	121500000	internal70	2.0	1.0
chr3	109500001	121500000	A96123A-R24-C53	2.0	1.0
chr3	109500001	121500000	A96123A-R24-C37	2.0	1.0
chr3	109500001	121500000	A96123A-R21-C36	2.0	1.0
chr3	109500001	121500000	A96167B-R37-C09	2.0	1.0
chr3	109500001	121500000	A96167B-R56-C15	5.0	2.0
chr3	122000001	125500000	internal225	2.0	1.0
chr3	122000001	125500000	internal191	2.0	1.0
chr3	122000001	125500000	internal90	2.0	0.0
chr3	122000001	125500000	internal96	2.0	1.0
chr3	122000001	125500000	A96167B-R43-C11	2.0	1.0
chr3	122000001	125500000	internal88	2.0	1.0
chr3	122000001	125500000	internal70	2.0	1.0
chr3	122000001	125500000	A96123A-R24-C53	2.0	1.0
chr3	122000001	125500000	A96123A-R24-C37	2.0	1.0
chr3	122000001	125500000	A96123A-R21-C36	2.0	1.0
chr3	122000001	125500000	A96167B-R37-C09	2.0	1.0
chr3	122000001	125500000	A96167B-R56-C15	4.0	2.0
chr3	125500001	129500000	internal225	2.0	1.0
chr3	125500001	129500000	internal191	2.0	1.0
chr3	125500001	129500000	internal90	2.0	0.0
chr3	125500001	129500000	internal96	2.0	1.0
chr3	125500001	129500000	A96167B-R43-C11	2.0	1.0
chr3	125500001	129500000	internal88	2.0	1.0
chr3	125500001	129500000	internal70	2.0	1.0
chr3	125500001	129500000	A96123A-R24-C53	2.0	1.0
chr3	125500001	129500000	A96123A-R24-C37	2.0	1.0
chr3	125500001	129500000	A96123A-R21-C36	2.0	1.0
chr3	125500001	129500000	A96167B-R37-C09	2.0	1.0
chr3	125500001	129500000	A96167B-R56-C15	4.0	2.0
chr3	130500001	131000000	internal225	2.0	1.0
chr3	130500001	131000000	internal191	2.0	1.0
chr3	130500001	131000000	internal90	2.0	0.0
chr3	130500001	131000000	internal96	2.0	1.0
chr3	130500001	131000000	A96167B-R43-C11	2.0	1.0
chr3	130500001	131000000	internal88	2.0	1.0
chr3	130500001	131000000	internal70	2.0	1.0
chr3	130500001	131000000	A96123A-R24-C53	2.0	1.0
chr3	130500001	131000000	A96123A-R24-C37	2.0	1.0
chr3	130500001	131000000	A96123A-R21-C36	2.0	1.0
chr3	130500001	131000000	A96167B-R37-C09	2.0	1.0
chr3	130500001	131000000	A96167B-R56-C15	4.0	2.0
chr3	131500001	134000000	internal225	2.0	1.0
chr3	131500001	134000000	internal191	2.0	1.0
chr3	131500001	134000000	internal90	2.0	0.0
chr3	131500001	134000000	internal96	2.0	1.0
chr3	131500001	134000000	A96167B-R43-C11	2.0	1.0
chr3	131500001	134000000	internal88	2.0	1.0
chr3	131500001	134000000	internal70	2.0	1.0
chr3	131500001	134000000	A96123A-R24-C53	2.0	1.0
chr3	131500001	134000000	A96123A-R24-C37	2.0	1.0
chr3	131500001	134000000	A96123A-R21-C36	3.0	0.0
chr3	131500001	134000000	A96167B-R37-C09	2.0	1.0
chr3	131500001	134000000	A96167B-R56-C15	4.0	2.0
chr3	134000001	141500000	internal225	2.0	1.0
chr3	134000001	141500000	internal191	2.0	1.0
chr3	134000001	141500000	internal90	2.0	1.0
chr3	134000001	141500000	internal96	2.0	1.0
chr3	134000001	141500000	A96167B-R43-C11	2.0	1.0
chr3	134000001	141500000	internal88	2.0	1.0
chr3	134000001	141500000	internal70	2.0	1.0
chr3	134000001	141500000	A96123A-R24-C53	2.0	1.0
chr3	134000001	141500000	A96123A-R24-C37	2.0	1.0
chr3	134000001	141500000	A96123A-R21-C36	2.0	1.0
chr3	134000001	141500000	A96167B-R37-C09	2.0	1.0
chr3	134000001	141500000	A96167B-R56-C15	4.0	2.0
chr3	141500001	142000000	internal225	2.0	1.0
chr3	141500001	142000000	internal191	2.0	1.0
chr3	141500001	142000000	internal90	2.5	0.5
chr3	141500001	142000000	internal96	2.0	1.0
chr3	141500001	142000000	A96167B-R43-C11	2.0	1.0
chr3	141500001	142000000	internal88	2.0	1.0
chr3	141500001	142000000	internal70	2.0	1.0
chr3	141500001	142000000	A96123A-R24-C53	2.0	1.0
chr3	141500001	142000000	A96123A-R24-C37	2.0	1.0
chr3	141500001	142000000	A96123A-R21-C36	2.0	1.0
chr3	141500001	142000000	A96167B-R37-C09	2.0	1.0
chr3	141500001	142000000	A96167B-R56-C15	4.0	2.0
chr3	142000001	149500000	internal225	2.0	1.0
chr3	142000001	149500000	internal191	2.0	1.0
chr3	142000001	149500000	internal90	2.0	1.0
chr3	142000001	149500000	internal96	2.0	1.0
chr3	142000001	149500000	A96167B-R43-C11	2.0	1.0
chr3	142000001	149500000	internal88	2.0	1.0
chr3	142000001	149500000	internal70	2.0	1.0
chr3	142000001	149500000	A96123A-R24-C53	2.0	1.0
chr3	142000001	149500000	A96123A-R24-C37	2.0	1.0
chr3	142000001	149500000	A96123A-R21-C36	2.0	1.0
chr3	142000001	149500000	A96167B-R37-C09	2.0	1.0
chr3	142000001	149500000	A96167B-R56-C15	4.0	2.0
chr3	149500001	157000000	internal225	2.0	1.0
chr3	149500001	157000000	internal191	2.0	1.0
chr3	149500001	157000000	internal90	2.0	1.0
chr3	149500001	157000000	internal96	2.5	1.0
chr3	149500001	157000000	A96167B-R43-C11	2.0	1.0
chr3	149500001	157000000	internal88	2.5	1.0
chr3	149500001	157000000	internal70	2.0	1.0
chr3	149500001	157000000	A96123A-R24-C53	2.0	1.0
chr3	149500001	157000000	A96123A-R24-C37	2.0	1.0
chr3	149500001	157000000	A96123A-R21-C36	2.0	1.0
chr3	149500001	157000000	A96167B-R37-C09	2.0	1.0
chr3	149500001	157000000	A96167B-R56-C15	4.0	2.0
chr3	157000001	161500000	internal225	3.0	1.0
chr3	157000001	161500000	internal191	3.0	1.0
chr3	157000001	161500000	internal90	3.0	1.0
chr3	157000001	161500000	internal96	3.0	1.0
chr3	157000001	161500000	A96167B-R43-C11	3.0	1.0
chr3	157000001	161500000	internal88	3.0	1.0
chr3	157000001	161500000	internal70	3.0	1.0
chr3	157000001	161500000	A96123A-R24-C53	2.0	1.0
chr3	157000001	161500000	A96123A-R24-C37	2.0	1.0
chr3	157000001	161500000	A96123A-R21-C36	3.0	1.0
chr3	157000001	161500000	A96167B-R37-C09	3.0	1.0
chr3	157000001	161500000	A96167B-R56-C15	4.0	2.0
chr3	161500001	162000000	internal225	3.0	1.0
chr3	161500001	162000000	internal191	3.0	1.0
chr3	161500001	162000000	internal90	3.0	1.0
chr3	161500001	162000000	internal96	3.0	1.0
chr3	161500001	162000000	A96167B-R43-C11	4.0	1.0
chr3	161500001	162000000	internal88	3.0	1.0
chr3	161500001	162000000	internal70	4.0	1.0
chr3	161500001	162000000	A96123A-R24-C53	2.0	1.0
chr3	161500001	162000000	A96123A-R24-C37	2.0	1.0
chr3	161500001	162000000	A96123A-R21-C36	3.0	1.0
chr3	161500001	162000000	A96167B-R37-C09	4.0	1.0
chr3	161500001	162000000	A96167B-R56-C15	4.0	2.0
chr3	163000001	164000000	internal225	4.0	1.0
chr3	163000001	164000000	internal191	4.0	1.0
chr3	163000001	164000000	internal90	3.0	1.0
chr3	163000001	164000000	internal96	4.5	1.0
chr3	163000001	164000000	A96167B-R43-C11	4.0	1.0
chr3	163000001	164000000	internal88	4.5	1.0
chr3	163000001	164000000	internal70	4.0	0.0
chr3	163000001	164000000	A96123A-R24-C53	4.0	1.0
chr3	163000001	164000000	A96123A-R24-C37	2.0	1.0
chr3	163000001	164000000	A96123A-R21-C36	6.0	1.0
chr3	163000001	164000000	A96167B-R37-C09	4.0	1.0
chr3	163000001	164000000	A96167B-R56-C15	4.0	2.0
chr3	164500001	165500000	internal225	4.0	1.0
chr3	164500001	165500000	internal191	4.0	1.0
chr3	164500001	165500000	internal90	3.5	1.0
chr3	164500001	165500000	internal96	5.0	1.0
chr3	164500001	165500000	A96167B-R43-C11	4.0	1.0
chr3	164500001	165500000	internal88	4.5	1.0
chr3	164500001	165500000	internal70	4.0	0.0
chr3	164500001	165500000	A96123A-R24-C53	4.0	1.0
chr3	164500001	165500000	A96123A-R24-C37	2.0	1.0
chr3	164500001	165500000	A96123A-R21-C36	6.0	1.0
chr3	164500001	165500000	A96167B-R37-C09	4.0	1.0
chr3	164500001	165500000	A96167B-R56-C15	4.0	2.0
chr3	166000001	166500000	internal225	4.0	1.0
chr3	166000001	166500000	internal191	4.0	1.0
chr3	166000001	166500000	internal90	4.0	1.0
chr3	166000001	166500000	internal96	5.0	1.0
chr3	166000001	166500000	A96167B-R43-C11	4.0	1.0
chr3	166000001	166500000	internal88	4.0	1.0
chr3	166000001	166500000	internal70	4.0	0.0
chr3	166000001	166500000	A96123A-R24-C53	4.0	1.0
chr3	166000001	166500000	A96123A-R24-C37	2.0	1.0
chr3	166000001	166500000	A96123A-R21-C36	6.0	1.0
chr3	166000001	166500000	A96167B-R37-C09	4.0	1.0
chr3	166000001	166500000	A96167B-R56-C15	4.0	2.0
chr3	166500001	167000000	internal225	5.0	1.0
chr3	166500001	167000000	internal191	5.0	1.0
chr3	166500001	167000000	internal90	5.0	1.0
chr3	166500001	167000000	internal96	5.0	1.0
chr3	166500001	167000000	A96167B-R43-C11	4.0	1.0
chr3	166500001	167000000	internal88	5.0	1.0
chr3	166500001	167000000	internal70	4.0	0.0
chr3	166500001	167000000	A96123A-R24-C53	4.0	1.0
chr3	166500001	167000000	A96123A-R24-C37	2.0	3.0
chr3	166500001	167000000	A96123A-R21-C36	6.0	1.0
chr3	166500001	167000000	A96167B-R37-C09	4.0	1.0
chr3	166500001	167000000	A96167B-R56-C15	4.0	2.0
chr3	167000001	169000000	internal225	5.0	1.0
chr3	167000001	169000000	internal191	5.0	1.0
chr3	167000001	169000000	internal90	5.0	1.0
chr3	167000001	169000000	internal96	4.5	1.5
chr3	167000001	169000000	A96167B-R43-C11	5.0	1.0
chr3	167000001	169000000	internal88	5.0	1.0
chr3	167000001	169000000	internal70	5.0	1.0
chr3	167000001	169000000	A96123A-R24-C53	4.0	1.0
chr3	167000001	169000000	A96123A-R24-C37	2.0	3.0
chr3	167000001	169000000	A96123A-R21-C36	6.0	1.0
chr3	167000001	169000000	A96167B-R37-C09	4.0	1.0
chr3	167000001	169000000	A96167B-R56-C15	4.0	2.0
chr3	169500001	170000000	internal225	4.0	2.0
chr3	169500001	170000000	internal191	5.0	1.0
chr3	169500001	170000000	internal90	4.5	1.5
chr3	169500001	170000000	internal96	4.5	1.5
chr3	169500001	170000000	A96167B-R43-C11	5.0	1.0
chr3	169500001	170000000	internal88	4.0	1.5
chr3	169500001	170000000	internal70	5.0	1.0
chr3	169500001	170000000	A96123A-R24-C53	4.0	1.0
chr3	169500001	170000000	A96123A-R24-C37	2.0	3.0
chr3	169500001	170000000	A96123A-R21-C36	6.0	1.0
chr3	169500001	170000000	A96167B-R37-C09	4.0	1.0
chr3	169500001	170000000	A96167B-R56-C15	4.0	2.0
chr3	170000001	172500000	internal225	4.0	2.0
chr3	170000001	172500000	internal191	4.0	2.0
chr3	170000001	172500000	internal90	3.5	2.5
chr3	170000001	172500000	internal96	3.5	2.5
chr3	170000001	172500000	A96167B-R43-C11	3.0	3.0
chr3	170000001	172500000	internal88	4.0	2.0
chr3	170000001	172500000	internal70	5.0	1.0
chr3	170000001	172500000	A96123A-R24-C53	4.0	1.0
chr3	170000001	172500000	A96123A-R24-C37	3.0	2.0
chr3	170000001	172500000	A96123A-R21-C36	6.0	1.0
chr3	170000001	172500000	A96167B-R37-C09	2.0	5.0
chr3	170000001	172500000	A96167B-R56-C15	4.0	2.0
chr3	172500001	174500000	internal225	4.0	2.0
chr3	172500001	174500000	internal191	4.0	2.0
chr3	172500001	174500000	internal90	3.5	2.5
chr3	172500001	174500000	internal96	4.0	2.0
chr3	172500001	174500000	A96167B-R43-C11	4.0	2.0
chr3	172500001	174500000	internal88	4.0	2.0
chr3	172500001	174500000	internal70	5.0	1.0
chr3	172500001	174500000	A96123A-R24-C53	4.0	1.0
chr3	172500001	174500000	A96123A-R24-C37	3.0	2.0
chr3	172500001	174500000	A96123A-R21-C36	6.0	1.0
chr3	172500001	174500000	A96167B-R37-C09	3.0	4.0
chr3	172500001	174500000	A96167B-R56-C15	4.0	2.0
chr3	174500001	175500000	internal225	4.0	2.0
chr3	174500001	175500000	internal191	4.0	2.0
chr3	174500001	175500000	internal90	3.5	2.5
chr3	174500001	175500000	internal96	4.0	2.0
chr3	174500001	175500000	A96167B-R43-C11	4.0	2.0
chr3	174500001	175500000	internal88	4.0	3.0
chr3	174500001	175500000	internal70	5.0	1.0
chr3	174500001	175500000	A96123A-R24-C53	3.0	2.0
chr3	174500001	175500000	A96123A-R24-C37	3.0	2.0
chr3	174500001	175500000	A96123A-R21-C36	6.0	1.0
chr3	174500001	175500000	A96167B-R37-C09	5.0	2.0
chr3	174500001	175500000	A96167B-R56-C15	4.0	2.0
chr3	175500001	179500000	internal225	4.0	2.0
chr3	175500001	179500000	internal191	4.0	2.0
chr3	175500001	179500000	internal90	3.5	2.5
chr3	175500001	179500000	internal96	4.0	2.0
chr3	175500001	179500000	A96167B-R43-C11	4.0	2.0
chr3	175500001	179500000	internal88	4.0	2.0
chr3	175500001	179500000	internal70	5.0	1.0
chr3	175500001	179500000	A96123A-R24-C53	4.0	2.0
chr3	175500001	179500000	A96123A-R24-C37	4.0	2.0
chr3	175500001	179500000	A96123A-R21-C36	6.0	1.0
chr3	175500001	179500000	A96167B-R37-C09	6.0	1.0
chr3	175500001	179500000	A96167B-R56-C15	4.0	2.0
chr3	179500001	180500000	internal225	4.0	2.0
chr3	179500001	180500000	internal191	4.0	2.0
chr3	179500001	180500000	internal90	3.5	2.5
chr3	179500001	180500000	internal96	4.0	2.0
chr3	179500001	180500000	A96167B-R43-C11	4.0	2.0
chr3	179500001	180500000	internal88	4.0	2.0
chr3	179500001	180500000	internal70	5.0	1.0
chr3	179500001	180500000	A96123A-R24-C53	4.0	1.0
chr3	179500001	180500000	A96123A-R24-C37	4.0	1.0
chr3	179500001	180500000	A96123A-R21-C36	6.0	1.0
chr3	179500001	180500000	A96167B-R37-C09	6.0	1.0
chr3	179500001	180500000	A96167B-R56-C15	4.0	2.0
chr3	180500001	181500000	internal225	4.0	2.0
chr3	180500001	181500000	internal191	5.0	2.0
chr3	180500001	181500000	internal90	3.5	2.5
chr3	180500001	181500000	internal96	5.5	2.0
chr3	180500001	181500000	A96167B-R43-C11	5.0	2.0
chr3	180500001	181500000	internal88	5.0	2.5
chr3	180500001	181500000	internal70	5.0	1.0
chr3	180500001	181500000	A96123A-R24-C53	5.0	1.0
chr3	180500001	181500000	A96123A-R24-C37	4.0	1.0
chr3	180500001	181500000	A96123A-R21-C36	6.0	1.0
chr3	180500001	181500000	A96167B-R37-C09	6.0	1.0
chr3	180500001	181500000	A96167B-R56-C15	4.0	2.0
chr3	181500001	182000000	internal225	5.0	2.0
chr3	181500001	182000000	internal191	5.0	2.0
chr3	181500001	182000000	internal90	3.5	2.5
chr3	181500001	182000000	internal96	5.5	2.0
chr3	181500001	182000000	A96167B-R43-C11	5.0	2.0
chr3	181500001	182000000	internal88	4.5	3.0
chr3	181500001	182000000	internal70	5.0	1.0
chr3	181500001	182000000	A96123A-R24-C53	6.0	1.0
chr3	181500001	182000000	A96123A-R24-C37	4.0	1.0
chr3	181500001	182000000	A96123A-R21-C36	5.0	2.0
chr3	181500001	182000000	A96167B-R37-C09	6.0	1.0
chr3	181500001	182000000	A96167B-R56-C15	4.0	2.0
chr3	182000001	182500000	internal225	5.0	2.0
chr3	182000001	182500000	internal191	5.0	2.0
chr3	182000001	182500000	internal90	3.5	2.5
chr3	182000001	182500000	internal96	5.5	2.0
chr3	182000001	182500000	A96167B-R43-C11	5.0	2.0
chr3	182000001	182500000	internal88	4.0	3.0
chr3	182000001	182500000	internal70	5.0	1.0
chr3	182000001	182500000	A96123A-R24-C53	6.0	1.0
chr3	182000001	182500000	A96123A-R24-C37	4.0	1.0
chr3	182000001	182500000	A96123A-R21-C36	5.0	2.0
chr3	182000001	182500000	A96167B-R37-C09	5.0	2.0
chr3	182000001	182500000	A96167B-R56-C15	4.0	2.0
chr3	182500001	184000000	internal225	4.0	3.0
chr3	182500001	184000000	internal191	5.0	3.0
chr3	182500001	184000000	internal90	3.5	3.0
chr3	182500001	184000000	internal96	5.0	2.5
chr3	182500001	184000000	A96167B-R43-C11	5.0	2.0
chr3	182500001	184000000	internal88	4.0	4.0
chr3	182500001	184000000	internal70	4.0	2.0
chr3	182500001	184000000	A96123A-R24-C53	5.0	2.0
chr3	182500001	184000000	A96123A-R24-C37	2.0	3.0
chr3	182500001	184000000	A96123A-R21-C36	4.0	3.0
chr3	182500001	184000000	A96167B-R37-C09	5.0	2.0
chr3	182500001	184000000	A96167B-R56-C15	4.0	2.0
chr3	184000001	185000000	internal225	4.0	4.0
chr3	184000001	185000000	internal191	4.0	3.0
chr3	184000001	185000000	internal90	3.0	5.0
chr3	184000001	185000000	internal96	4.5	3.0
chr3	184000001	185000000	A96167B-R43-C11	4.0	2.0
chr3	184000001	185000000	internal88	4.0	4.0
chr3	184000001	185000000	internal70	4.0	3.0
chr3	184000001	185000000	A96123A-R24-C53	5.0	2.0
chr3	184000001	185000000	A96123A-R24-C37	2.0	3.0
chr3	184000001	185000000	A96123A-R21-C36	3.0	4.0
chr3	184000001	185000000	A96167B-R37-C09	5.0	2.0
chr3	184000001	185000000	A96167B-R56-C15	4.0	2.0
chr3	185500001	186500000	internal225	4.0	4.0
chr3	185500001	186500000	internal191	4.0	4.0
chr3	185500001	186500000	internal90	3.5	4.5
chr3	185500001	186500000	internal96	4.0	3.5
chr3	185500001	186500000	A96167B-R43-C11	4.0	3.0
chr3	185500001	186500000	internal88	3.5	4.0
chr3	185500001	186500000	internal70	4.0	3.0
chr3	185500001	186500000	A96123A-R24-C53	5.0	2.0
chr3	185500001	186500000	A96123A-R24-C37	5.0	2.0
chr3	185500001	186500000	A96123A-R21-C36	3.0	4.0
chr3	185500001	186500000	A96167B-R37-C09	5.0	2.0
chr3	185500001	186500000	A96167B-R56-C15	2.0	2.0
chr3	186500001	187000000	internal225	4.0	4.0
chr3	186500001	187000000	internal191	4.0	3.5
chr3	186500001	187000000	internal90	3.5	4.5
chr3	186500001	187000000	internal96	4.0	3.5
chr3	186500001	187000000	A96167B-R43-C11	4.0	3.0
chr3	186500001	187000000	internal88	3.5	3.5
chr3	186500001	187000000	internal70	4.0	3.0
chr3	186500001	187000000	A96123A-R24-C53	5.0	2.0
chr3	186500001	187000000	A96123A-R24-C37	2.0	5.0
chr3	186500001	187000000	A96123A-R21-C36	3.0	4.0
chr3	186500001	187000000	A96167B-R37-C09	5.0	2.0
chr3	186500001	187000000	A96167B-R56-C15	2.0	2.0
chr3	187500001	189500000	internal225	4.0	4.0
chr3	187500001	189500000	internal191	4.0	4.0
chr3	187500001	189500000	internal90	3.5	4.5
chr3	187500001	189500000	internal96	4.5	4.0
chr3	187500001	189500000	A96167B-R43-C11	4.0	3.0
chr3	187500001	189500000	internal88	4.0	4.0
chr3	187500001	189500000	internal70	4.0	3.0
chr3	187500001	189500000	A96123A-R24-C53	5.0	3.0
chr3	187500001	189500000	A96123A-R24-C37	4.0	3.0
chr3	187500001	189500000	A96123A-R21-C36	3.0	4.0
chr3	187500001	189500000	A96167B-R37-C09	3.0	4.0
chr3	187500001	189500000	A96167B-R56-C15	2.0	2.0
chr3	189500001	190500000	internal225	4.0	4.0
chr3	189500001	190500000	internal191	4.0	4.0
chr3	189500001	190500000	internal90	4.0	4.0
chr3	189500001	190500000	internal96	4.5	4.0
chr3	189500001	190500000	A96167B-R43-C11	4.0	3.0
chr3	189500001	190500000	internal88	4.0	4.0
chr3	189500001	190500000	internal70	4.0	3.0
chr3	189500001	190500000	A96123A-R24-C53	4.0	4.0
chr3	189500001	190500000	A96123A-R24-C37	5.0	2.0
chr3	189500001	190500000	A96123A-R21-C36	3.0	4.0
chr3	189500001	190500000	A96167B-R37-C09	4.0	3.0
chr3	189500001	190500000	A96167B-R56-C15	0.0	4.0
chr3	190500001	191500000	internal225	4.0	4.0
chr3	190500001	191500000	internal191	4.0	4.0
chr3	190500001	191500000	internal90	4.0	4.0
chr3	190500001	191500000	internal96	4.5	4.0
chr3	190500001	191500000	A96167B-R43-C11	4.0	3.0
chr3	190500001	191500000	internal88	4.0	4.0
chr3	190500001	191500000	internal70	3.0	4.0
chr3	190500001	191500000	A96123A-R24-C53	5.0	3.0
chr3	190500001	191500000	A96123A-R24-C37	5.0	2.0
chr3	190500001	191500000	A96123A-R21-C36	3.0	4.0
chr3	190500001	191500000	A96167B-R37-C09	4.0	3.0
chr3	190500001	191500000	A96167B-R56-C15	0.0	4.0
chr3	191500001	194000000	internal225	4.0	4.0
chr3	191500001	194000000	internal191	4.0	4.0
chr3	191500001	194000000	internal90	3.5	4.5
chr3	191500001	194000000	internal96	4.5	4.0
chr3	191500001	194000000	A96167B-R43-C11	4.0	3.0
chr3	191500001	194000000	internal88	4.0	4.0
chr3	191500001	194000000	internal70	3.0	4.0
chr3	191500001	194000000	A96123A-R24-C53	4.0	4.0
chr3	191500001	194000000	A96123A-R24-C37	5.0	2.0
chr3	191500001	194000000	A96123A-R21-C36	5.0	4.0
chr3	191500001	194000000	A96167B-R37-C09	4.0	3.0
chr3	191500001	194000000	A96167B-R56-C15	1.0	3.0
chr4	2000001	10000000	internal225	4.0	1.0
chr4	2000001	10000000	internal191	3.0	1.0
chr4	2000001	10000000	internal90	3.0	1.0
chr4	2000001	10000000	internal96	4.0	1.0
chr4	2000001	10000000	A96167B-R43-C11	4.0	2.0
chr4	2000001	10000000	internal88	4.0	1.0
chr4	2000001	10000000	internal70	3.0	1.0
chr4	2000001	10000000	A96123A-R24-C53	4.0	1.0
chr4	2000001	10000000	A96123A-R24-C37	2.0	1.0
chr4	2000001	10000000	A96123A-R21-C36	2.0	1.0
chr4	2000001	10000000	A96167B-R37-C09	4.0	2.0
chr4	2000001	10000000	A96167B-R56-C15	3.0	2.0
chr4	10000001	25000000	internal225	4.0	1.0
chr4	10000001	25000000	internal191	3.0	1.0
chr4	10000001	25000000	internal90	3.5	1.0
chr4	10000001	25000000	internal96	3.5	1.0
chr4	10000001	25000000	A96167B-R43-C11	4.0	2.0
chr4	10000001	25000000	internal88	3.0	1.0
chr4	10000001	25000000	internal70	3.0	1.0
chr4	10000001	25000000	A96123A-R24-C53	4.0	1.0
chr4	10000001	25000000	A96123A-R24-C37	2.0	1.0
chr4	10000001	25000000	A96123A-R21-C36	3.0	1.0
chr4	10000001	25000000	A96167B-R37-C09	3.0	2.0
chr4	10000001	25000000	A96167B-R56-C15	2.0	2.0
chr4	25000001	26000000	internal225	4.0	1.0
chr4	25000001	26000000	internal191	3.0	1.0
chr4	25000001	26000000	internal90	3.0	1.0
chr4	25000001	26000000	internal96	3.5	1.0
chr4	25000001	26000000	A96167B-R43-C11	4.0	2.0
chr4	25000001	26000000	internal88	4.0	1.0
chr4	25000001	26000000	internal70	3.0	1.0
chr4	25000001	26000000	A96123A-R24-C53	4.0	1.0
chr4	25000001	26000000	A96123A-R24-C37	2.0	1.0
chr4	25000001	26000000	A96123A-R21-C36	3.0	1.0
chr4	25000001	26000000	A96167B-R37-C09	4.0	1.0
chr4	25000001	26000000	A96167B-R56-C15	2.0	2.0
chr4	26000001	30500000	internal225	4.0	1.0
chr4	26000001	30500000	internal191	3.0	1.0
chr4	26000001	30500000	internal90	3.0	1.0
chr4	26000001	30500000	internal96	4.0	1.0
chr4	26000001	30500000	A96167B-R43-C11	4.0	2.0
chr4	26000001	30500000	internal88	4.0	1.0
chr4	26000001	30500000	internal70	3.0	1.0
chr4	26000001	30500000	A96123A-R24-C53	4.0	1.0
chr4	26000001	30500000	A96123A-R24-C37	2.0	1.0
chr4	26000001	30500000	A96123A-R21-C36	3.0	1.0
chr4	26000001	30500000	A96167B-R37-C09	3.0	1.0
chr4	26000001	30500000	A96167B-R56-C15	3.0	2.0
chr4	30500001	31000000	internal225	4.0	1.0
chr4	30500001	31000000	internal191	3.0	1.0
chr4	30500001	31000000	internal90	3.0	1.0
chr4	30500001	31000000	internal96	4.0	1.0
chr4	30500001	31000000	A96167B-R43-C11	4.0	2.0
chr4	30500001	31000000	internal88	4.0	1.0
chr4	30500001	31000000	internal70	3.0	1.0
chr4	30500001	31000000	A96123A-R24-C53	4.0	1.0
chr4	30500001	31000000	A96123A-R24-C37	2.0	1.0
chr4	30500001	31000000	A96123A-R21-C36	3.0	1.0
chr4	30500001	31000000	A96167B-R37-C09	3.0	1.0
chr4	30500001	31000000	A96167B-R56-C15	4.0	2.0
chr4	31000001	31500000	internal225	4.0	1.0
chr4	31000001	31500000	internal191	3.0	1.0
chr4	31000001	31500000	internal90	3.0	1.0
chr4	31000001	31500000	internal96	4.0	1.0
chr4	31000001	31500000	A96167B-R43-C11	4.0	2.0
chr4	31000001	31500000	internal88	4.0	1.0
chr4	31000001	31500000	internal70	3.0	1.0
chr4	31000001	31500000	A96123A-R24-C53	4.0	1.0
chr4	31000001	31500000	A96123A-R24-C37	2.0	1.0
chr4	31000001	31500000	A96123A-R21-C36	3.0	1.0
chr4	31000001	31500000	A96167B-R37-C09	3.0	1.0
chr4	31000001	31500000	A96167B-R56-C15	4.0	2.0
chr4	32000001	35500000	internal225	4.0	1.0
chr4	32000001	35500000	internal191	3.0	1.0
chr4	32000001	35500000	internal90	3.5	1.0
chr4	32000001	35500000	internal96	4.0	1.0
chr4	32000001	35500000	A96167B-R43-C11	4.0	2.0
chr4	32000001	35500000	internal88	4.0	1.0
chr4	32000001	35500000	internal70	3.0	1.0
chr4	32000001	35500000	A96123A-R24-C53	4.0	1.0
chr4	32000001	35500000	A96123A-R24-C37	2.0	1.0
chr4	32000001	35500000	A96123A-R21-C36	3.0	1.0
chr4	32000001	35500000	A96167B-R37-C09	3.0	1.0
chr4	32000001	35500000	A96167B-R56-C15	4.0	2.0
chr4	35500001	37000000	internal225	4.0	1.0
chr4	35500001	37000000	internal191	3.0	1.0
chr4	35500001	37000000	internal90	3.5	1.0
chr4	35500001	37000000	internal96	4.0	1.0
chr4	35500001	37000000	A96167B-R43-C11	4.0	2.0
chr4	35500001	37000000	internal88	4.0	1.0
chr4	35500001	37000000	internal70	4.0	1.0
chr4	35500001	37000000	A96123A-R24-C53	4.0	1.0
chr4	35500001	37000000	A96123A-R24-C37	2.0	1.0
chr4	35500001	37000000	A96123A-R21-C36	3.0	1.0
chr4	35500001	37000000	A96167B-R37-C09	3.0	1.0
chr4	35500001	37000000	A96167B-R56-C15	4.0	2.0
chr4	37000001	38500000	internal225	4.0	1.0
chr4	37000001	38500000	internal191	3.0	1.0
chr4	37000001	38500000	internal90	3.5	1.0
chr4	37000001	38500000	internal96	4.0	1.0
chr4	37000001	38500000	A96167B-R43-C11	4.0	2.0
chr4	37000001	38500000	internal88	4.0	1.0
chr4	37000001	38500000	internal70	4.0	1.0
chr4	37000001	38500000	A96123A-R24-C53	4.0	1.0
chr4	37000001	38500000	A96123A-R24-C37	2.0	1.0
chr4	37000001	38500000	A96123A-R21-C36	3.0	1.0
chr4	37000001	38500000	A96167B-R37-C09	3.0	1.0
chr4	37000001	38500000	A96167B-R56-C15	2.0	1.0
chr4	38500001	39000000	internal225	4.0	1.0
chr4	38500001	39000000	internal191	3.0	1.0
chr4	38500001	39000000	internal90	3.5	1.0
chr4	38500001	39000000	internal96	4.0	1.0
chr4	38500001	39000000	A96167B-R43-C11	4.0	2.0
chr4	38500001	39000000	internal88	4.0	1.0
chr4	38500001	39000000	internal70	4.0	1.0
chr4	38500001	39000000	A96123A-R24-C53	4.0	1.0
chr4	38500001	39000000	A96123A-R24-C37	2.0	1.0
chr4	38500001	39000000	A96123A-R21-C36	3.0	1.0
chr4	38500001	39000000	A96167B-R37-C09	3.0	1.0
chr4	38500001	39000000	A96167B-R56-C15	2.0	1.0
chr4	39000001	39500000	internal225	4.0	1.0
chr4	39000001	39500000	internal191	4.0	1.0
chr4	39000001	39500000	internal90	3.5	1.0
chr4	39000001	39500000	internal96	4.0	1.0
chr4	39000001	39500000	A96167B-R43-C11	4.0	2.0
chr4	39000001	39500000	internal88	4.0	1.0
chr4	39000001	39500000	internal70	4.0	1.0
chr4	39000001	39500000	A96123A-R24-C53	4.0	1.0
chr4	39000001	39500000	A96123A-R24-C37	2.0	1.0
chr4	39000001	39500000	A96123A-R21-C36	3.0	1.0
chr4	39000001	39500000	A96167B-R37-C09	5.0	1.0
chr4	39000001	39500000	A96167B-R56-C15	1.0	2.0
chr4	39500001	40000000	internal225	4.0	1.0
chr4	39500001	40000000	internal191	4.0	1.0
chr4	39500001	40000000	internal90	3.5	1.0
chr4	39500001	40000000	internal96	4.0	1.0
chr4	39500001	40000000	A96167B-R43-C11	4.0	2.0
chr4	39500001	40000000	internal88	4.0	1.0
chr4	39500001	40000000	internal70	4.0	1.0
chr4	39500001	40000000	A96123A-R24-C53	4.0	1.0
chr4	39500001	40000000	A96123A-R24-C37	2.0	1.0
chr4	39500001	40000000	A96123A-R21-C36	3.0	1.0
chr4	39500001	40000000	A96167B-R37-C09	5.0	1.0
chr4	39500001	40000000	A96167B-R56-C15	1.0	2.0
chr4	40000001	40500000	internal225	4.0	1.0
chr4	40000001	40500000	internal191	4.0	1.0
chr4	40000001	40500000	internal90	3.5	1.0
chr4	40000001	40500000	internal96	4.0	1.0
chr4	40000001	40500000	A96167B-R43-C11	4.0	2.0
chr4	40000001	40500000	internal88	4.0	1.0
chr4	40000001	40500000	internal70	4.0	1.0
chr4	40000001	40500000	A96123A-R24-C53	4.0	1.0
chr4	40000001	40500000	A96123A-R24-C37	2.0	1.0
chr4	40000001	40500000	A96123A-R21-C36	3.0	1.0
chr4	40000001	40500000	A96167B-R37-C09	5.0	1.0
chr4	40000001	40500000	A96167B-R56-C15	1.0	2.0
chr4	40500001	43000000	internal225	4.0	1.0
chr4	40500001	43000000	internal191	3.5	1.0
chr4	40500001	43000000	internal90	3.5	1.0
chr4	40500001	43000000	internal96	4.0	1.0
chr4	40500001	43000000	A96167B-R43-C11	4.0	2.0
chr4	40500001	43000000	internal88	4.0	1.0
chr4	40500001	43000000	internal70	4.0	1.0
chr4	40500001	43000000	A96123A-R24-C53	4.0	1.0
chr4	40500001	43000000	A96123A-R24-C37	2.0	1.0
chr4	40500001	43000000	A96123A-R21-C36	3.0	1.0
chr4	40500001	43000000	A96167B-R37-C09	5.0	1.0
chr4	40500001	43000000	A96167B-R56-C15	1.0	2.0
chr4	43000001	45500000	internal225	4.0	1.0
chr4	43000001	45500000	internal191	3.0	1.0
chr4	43000001	45500000	internal90	3.5	1.0
chr4	43000001	45500000	internal96	3.5	1.0
chr4	43000001	45500000	A96167B-R43-C11	4.0	2.0
chr4	43000001	45500000	internal88	4.0	1.0
chr4	43000001	45500000	internal70	4.0	1.0
chr4	43000001	45500000	A96123A-R24-C53	4.0	1.0
chr4	43000001	45500000	A96123A-R24-C37	2.0	1.0
chr4	43000001	45500000	A96123A-R21-C36	2.0	1.0
chr4	43000001	45500000	A96167B-R37-C09	3.0	1.0
chr4	43000001	45500000	A96167B-R56-C15	1.0	2.0
chr4	59000001	71000000	internal225	3.0	2.0
chr4	59000001	71000000	internal191	2.5	1.0
chr4	59000001	71000000	internal90	3.0	2.0
chr4	59000001	71000000	internal96	3.0	1.5
chr4	59000001	71000000	A96167B-R43-C11	3.0	3.0
chr4	59000001	71000000	internal88	3.0	2.0
chr4	59000001	71000000	internal70	2.0	2.0
chr4	59000001	71000000	A96123A-R24-C53	2.0	2.0
chr4	59000001	71000000	A96123A-R24-C37	1.0	3.0
chr4	59000001	71000000	A96123A-R21-C36	3.0	1.0
chr4	59000001	71000000	A96167B-R37-C09	3.0	1.0
chr4	59000001	71000000	A96167B-R56-C15	1.0	2.0
chr4	72000001	75000000	internal225	3.0	2.0
chr4	72000001	75000000	internal191	3.0	1.0
chr4	72000001	75000000	internal90	3.0	2.0
chr4	72000001	75000000	internal96	2.5	1.5
chr4	72000001	75000000	A96167B-R43-C11	3.0	3.0
chr4	72000001	75000000	internal88	3.0	2.0
chr4	72000001	75000000	internal70	2.0	3.0
chr4	72000001	75000000	A96123A-R24-C53	2.0	2.0
chr4	72000001	75000000	A96123A-R24-C37	2.0	2.0
chr4	72000001	75000000	A96123A-R21-C36	2.0	2.0
chr4	72000001	75000000	A96167B-R37-C09	1.0	3.0
chr4	72000001	75000000	A96167B-R56-C15	1.0	2.0
chr4	76500001	83500000	internal225	2.0	2.0
chr4	76500001	83500000	internal191	3.0	1.0
chr4	76500001	83500000	internal90	2.0	2.0
chr4	76500001	83500000	internal96	2.0	1.5
chr4	76500001	83500000	A96167B-R43-C11	2.0	3.0
chr4	76500001	83500000	internal88	2.0	2.0
chr4	76500001	83500000	internal70	1.0	2.0
chr4	76500001	83500000	A96123A-R24-C53	2.0	2.0
chr4	76500001	83500000	A96123A-R24-C37	1.0	2.0
chr4	76500001	83500000	A96123A-R21-C36	1.0	2.0
chr4	76500001	83500000	A96167B-R37-C09	2.0	2.0
chr4	76500001	83500000	A96167B-R56-C15	1.0	2.0
chr4	83500001	84000000	internal225	3.0	2.0
chr4	83500001	84000000	internal191	3.0	1.0
chr4	83500001	84000000	internal90	2.5	2.0
chr4	83500001	84000000	internal96	3.0	1.5
chr4	83500001	84000000	A96167B-R43-C11	3.0	3.0
chr4	83500001	84000000	internal88	3.0	2.0
chr4	83500001	84000000	internal70	2.0	2.0
chr4	83500001	84000000	A96123A-R24-C53	2.0	2.0
chr4	83500001	84000000	A96123A-R24-C37	1.0	2.0
chr4	83500001	84000000	A96123A-R21-C36	2.0	2.0
chr4	83500001	84000000	A96167B-R37-C09	2.0	2.0
chr4	83500001	84000000	A96167B-R56-C15	1.0	2.0
chr4	84000001	92500000	internal225	3.0	2.0
chr4	84000001	92500000	internal191	3.0	1.0
chr4	84000001	92500000	internal90	3.0	2.0
chr4	84000001	92500000	internal96	3.0	1.5
chr4	84000001	92500000	A96167B-R43-C11	3.0	3.0
chr4	84000001	92500000	internal88	3.0	2.0
chr4	84000001	92500000	internal70	2.0	2.0
chr4	84000001	92500000	A96123A-R24-C53	3.0	2.0
chr4	84000001	92500000	A96123A-R24-C37	1.0	2.0
chr4	84000001	92500000	A96123A-R21-C36	2.0	2.0
chr4	84000001	92500000	A96167B-R37-C09	2.0	2.0
chr4	84000001	92500000	A96167B-R56-C15	1.0	2.0
chr4	93000001	94500000	internal225	3.0	2.0
chr4	93000001	94500000	internal191	3.0	1.0
chr4	93000001	94500000	internal90	3.0	2.0
chr4	93000001	94500000	internal96	3.0	1.5
chr4	93000001	94500000	A96167B-R43-C11	3.0	3.0
chr4	93000001	94500000	internal88	3.0	2.0
chr4	93000001	94500000	internal70	2.0	2.0
chr4	93000001	94500000	A96123A-R24-C53	3.0	2.0
chr4	93000001	94500000	A96123A-R24-C37	3.0	1.0
chr4	93000001	94500000	A96123A-R21-C36	2.0	2.0
chr4	93000001	94500000	A96167B-R37-C09	2.0	2.0
chr4	93000001	94500000	A96167B-R56-C15	1.0	2.0
chr4	95000001	96500000	internal225	3.0	2.0
chr4	95000001	96500000	internal191	3.0	1.0
chr4	95000001	96500000	internal90	3.0	2.0
chr4	95000001	96500000	internal96	3.0	1.5
chr4	95000001	96500000	A96167B-R43-C11	3.0	3.0
chr4	95000001	96500000	internal88	3.0	2.0
chr4	95000001	96500000	internal70	2.0	2.0
chr4	95000001	96500000	A96123A-R24-C53	3.0	2.0
chr4	95000001	96500000	A96123A-R24-C37	3.0	1.0
chr4	95000001	96500000	A96123A-R21-C36	2.0	2.0
chr4	95000001	96500000	A96167B-R37-C09	2.0	2.0
chr4	95000001	96500000	A96167B-R56-C15	1.0	2.0
chr4	96500001	99500000	internal225	3.0	2.0
chr4	96500001	99500000	internal191	3.0	1.0
chr4	96500001	99500000	internal90	3.0	2.0
chr4	96500001	99500000	internal96	3.0	1.5
chr4	96500001	99500000	A96167B-R43-C11	3.0	3.0
chr4	96500001	99500000	internal88	3.0	2.0
chr4	96500001	99500000	internal70	2.0	2.0
chr4	96500001	99500000	A96123A-R24-C53	3.0	2.0
chr4	96500001	99500000	A96123A-R24-C37	3.0	1.0
chr4	96500001	99500000	A96123A-R21-C36	2.0	2.0
chr4	96500001	99500000	A96167B-R37-C09	2.0	2.0
chr4	96500001	99500000	A96167B-R56-C15	1.0	2.0
chr4	100000001	107000000	internal225	1.0	2.0
chr4	100000001	107000000	internal191	1.0	1.0
chr4	100000001	107000000	internal90	1.0	2.0
chr4	100000001	107000000	internal96	1.0	1.5
chr4	100000001	107000000	A96167B-R43-C11	1.0	3.0
chr4	100000001	107000000	internal88	1.0	2.0
chr4	100000001	107000000	internal70	1.0	2.0
chr4	100000001	107000000	A96123A-R24-C53	1.0	2.0
chr4	100000001	107000000	A96123A-R24-C37	1.0	2.0
chr4	100000001	107000000	A96123A-R21-C36	1.0	2.0
chr4	100000001	107000000	A96167B-R37-C09	1.0	2.0
chr4	100000001	107000000	A96167B-R56-C15	1.0	1.0
chr4	108500001	110000000	internal225	1.0	2.0
chr4	108500001	110000000	internal191	1.0	1.0
chr4	108500001	110000000	internal90	1.0	2.0
chr4	108500001	110000000	internal96	1.0	1.5
chr4	108500001	110000000	A96167B-R43-C11	1.0	3.0
chr4	108500001	110000000	internal88	1.0	2.0
chr4	108500001	110000000	internal70	1.0	2.0
chr4	108500001	110000000	A96123A-R24-C53	1.0	2.0
chr4	108500001	110000000	A96123A-R24-C37	1.0	2.0
chr4	108500001	110000000	A96123A-R21-C36	1.0	2.0
chr4	108500001	110000000	A96167B-R37-C09	1.0	2.0
chr4	108500001	110000000	A96167B-R56-C15	1.0	1.0
chr4	110000001	119000000	internal225	1.0	2.0
chr4	110000001	119000000	internal191	1.0	1.0
chr4	110000001	119000000	internal90	1.0	2.0
chr4	110000001	119000000	internal96	1.0	1.5
chr4	110000001	119000000	A96167B-R43-C11	1.0	3.0
chr4	110000001	119000000	internal88	1.0	2.0
chr4	110000001	119000000	internal70	1.0	2.0
chr4	110000001	119000000	A96123A-R24-C53	1.0	2.0
chr4	110000001	119000000	A96123A-R24-C37	1.0	2.0
chr4	110000001	119000000	A96123A-R21-C36	1.0	2.0
chr4	110000001	119000000	A96167B-R37-C09	1.0	2.0
chr4	110000001	119000000	A96167B-R56-C15	1.0	1.0
chr4	121000001	125000000	internal225	1.0	0.0
chr4	121000001	125000000	internal191	1.0	0.0
chr4	121000001	125000000	internal90	1.0	0.0
chr4	121000001	125000000	internal96	1.0	0.0
chr4	121000001	125000000	A96167B-R43-C11	1.0	0.0
chr4	121000001	125000000	internal88	1.0	0.0
chr4	121000001	125000000	internal70	1.0	0.0
chr4	121000001	125000000	A96123A-R24-C53	1.0	0.0
chr4	121000001	125000000	A96123A-R24-C37	2.0	0.0
chr4	121000001	125000000	A96123A-R21-C36	1.0	0.0
chr4	121000001	125000000	A96167B-R37-C09	1.0	0.0
chr4	121000001	125000000	A96167B-R56-C15	1.0	1.0
chr4	125500001	138500000	internal225	3.0	0.0
chr4	125500001	138500000	internal191	3.0	0.0
chr4	125500001	138500000	internal90	3.0	0.0
chr4	125500001	138500000	internal96	3.0	0.0
chr4	125500001	138500000	A96167B-R43-C11	3.0	0.0
chr4	125500001	138500000	internal88	3.0	0.0
chr4	125500001	138500000	internal70	2.0	0.0
chr4	125500001	138500000	A96123A-R24-C53	3.0	0.0
chr4	125500001	138500000	A96123A-R24-C37	2.0	0.0
chr4	125500001	138500000	A96123A-R21-C36	2.0	0.0
chr4	125500001	138500000	A96167B-R37-C09	3.0	0.0
chr4	125500001	138500000	A96167B-R56-C15	1.0	1.0
chr4	138500001	149500000	internal225	3.0	0.0
chr4	138500001	149500000	internal191	3.0	0.0
chr4	138500001	149500000	internal90	3.0	0.0
chr4	138500001	149500000	internal96	3.0	0.0
chr4	138500001	149500000	A96167B-R43-C11	3.0	0.0
chr4	138500001	149500000	internal88	3.0	0.0
chr4	138500001	149500000	internal70	2.0	0.0
chr4	138500001	149500000	A96123A-R24-C53	3.0	0.0
chr4	138500001	149500000	A96123A-R24-C37	2.0	0.0
chr4	138500001	149500000	A96123A-R21-C36	2.0	0.0
chr4	138500001	149500000	A96167B-R37-C09	2.0	0.0
chr4	138500001	149500000	A96167B-R56-C15	1.0	1.0
chr4	149500001	154000000	internal225	3.0	0.0
chr4	149500001	154000000	internal191	2.0	0.0
chr4	149500001	154000000	internal90	3.0	0.0
chr4	149500001	154000000	internal96	3.0	0.0
chr4	149500001	154000000	A96167B-R43-C11	3.0	0.0
chr4	149500001	154000000	internal88	3.0	0.0
chr4	149500001	154000000	internal70	2.0	0.0
chr4	149500001	154000000	A96123A-R24-C53	3.0	0.0
chr4	149500001	154000000	A96123A-R24-C37	2.0	0.0
chr4	149500001	154000000	A96123A-R21-C36	2.0	0.0
chr4	149500001	154000000	A96167B-R37-C09	2.0	0.0
chr4	149500001	154000000	A96167B-R56-C15	1.0	1.0
chr4	154000001	155000000	internal225	3.0	0.0
chr4	154000001	155000000	internal191	2.0	0.0
chr4	154000001	155000000	internal90	3.0	0.0
chr4	154000001	155000000	internal96	3.0	0.0
chr4	154000001	155000000	A96167B-R43-C11	3.0	0.0
chr4	154000001	155000000	internal88	3.0	0.0
chr4	154000001	155000000	internal70	2.0	0.0
chr4	154000001	155000000	A96123A-R24-C53	3.0	0.0
chr4	154000001	155000000	A96123A-R24-C37	2.0	0.0
chr4	154000001	155000000	A96123A-R21-C36	2.0	0.0
chr4	154000001	155000000	A96167B-R37-C09	2.0	0.0
chr4	154000001	155000000	A96167B-R56-C15	1.0	1.0
chr4	155000001	162000000	internal225	3.0	0.0
chr4	155000001	162000000	internal191	2.0	0.0
chr4	155000001	162000000	internal90	3.0	0.0
chr4	155000001	162000000	internal96	3.0	0.0
chr4	155000001	162000000	A96167B-R43-C11	3.0	0.0
chr4	155000001	162000000	internal88	3.0	0.0
chr4	155000001	162000000	internal70	2.0	0.0
chr4	155000001	162000000	A96123A-R24-C53	3.0	0.0
chr4	155000001	162000000	A96123A-R24-C37	2.0	0.0
chr4	155000001	162000000	A96123A-R21-C36	2.0	0.0
chr4	155000001	162000000	A96167B-R37-C09	2.0	0.0
chr4	155000001	162000000	A96167B-R56-C15	1.0	1.0
chr4	162000001	173000000	internal225	3.0	0.0
chr4	162000001	173000000	internal191	2.0	0.0
chr4	162000001	173000000	internal90	3.0	0.0
chr4	162000001	173000000	internal96	3.0	0.0
chr4	162000001	173000000	A96167B-R43-C11	3.0	0.0
chr4	162000001	173000000	internal88	3.0	0.0
chr4	162000001	173000000	internal70	2.0	0.0
chr4	162000001	173000000	A96123A-R24-C53	3.0	0.0
chr4	162000001	173000000	A96123A-R24-C37	2.0	0.0
chr4	162000001	173000000	A96123A-R21-C36	2.0	0.0
chr4	162000001	173000000	A96167B-R37-C09	2.0	0.0
chr4	162000001	173000000	A96167B-R56-C15	1.0	1.0
chr4	173000001	173500000	internal225	3.0	0.0
chr4	173000001	173500000	internal191	3.0	0.0
chr4	173000001	173500000	internal90	3.5	0.0
chr4	173000001	173500000	internal96	4.0	0.0
chr4	173000001	173500000	A96167B-R43-C11	3.0	0.0
chr4	173000001	173500000	internal88	4.0	0.0
chr4	173000001	173500000	internal70	2.0	0.0
chr4	173000001	173500000	A96123A-R24-C53	3.0	0.0
chr4	173000001	173500000	A96123A-R24-C37	2.0	0.0
chr4	173000001	173500000	A96123A-R21-C36	2.0	0.0
chr4	173000001	173500000	A96167B-R37-C09	3.0	0.0
chr4	173000001	173500000	A96167B-R56-C15	1.0	1.0
chr4	173500001	174500000	internal225	3.0	0.0
chr4	173500001	174500000	internal191	3.0	0.0
chr4	173500001	174500000	internal90	3.5	0.0
chr4	173500001	174500000	internal96	4.0	0.0
chr4	173500001	174500000	A96167B-R43-C11	3.0	0.0
chr4	173500001	174500000	internal88	4.0	0.0
chr4	173500001	174500000	internal70	2.0	0.0
chr4	173500001	174500000	A96123A-R24-C53	3.0	0.0
chr4	173500001	174500000	A96123A-R24-C37	2.0	0.0
chr4	173500001	174500000	A96123A-R21-C36	2.0	0.0
chr4	173500001	174500000	A96167B-R37-C09	3.0	0.0
chr4	173500001	174500000	A96167B-R56-C15	1.0	1.0
chr4	174500001	175000000	internal225	3.0	0.0
chr4	174500001	175000000	internal191	3.0	0.0
chr4	174500001	175000000	internal90	3.5	0.0
chr4	174500001	175000000	internal96	4.0	0.0
chr4	174500001	175000000	A96167B-R43-C11	3.0	0.0
chr4	174500001	175000000	internal88	4.0	0.0
chr4	174500001	175000000	internal70	2.0	0.0
chr4	174500001	175000000	A96123A-R24-C53	3.0	0.0
chr4	174500001	175000000	A96123A-R24-C37	2.0	0.0
chr4	174500001	175000000	A96123A-R21-C36	2.0	0.0
chr4	174500001	175000000	A96167B-R37-C09	3.0	0.0
chr4	174500001	175000000	A96167B-R56-C15	1.0	1.0
chr4	175000001	179500000	internal225	3.0	0.0
chr4	175000001	179500000	internal191	2.0	0.0
chr4	175000001	179500000	internal90	3.5	0.0
chr4	175000001	179500000	internal96	2.5	0.0
chr4	175000001	179500000	A96167B-R43-C11	3.0	0.0
chr4	175000001	179500000	internal88	4.0	0.0
chr4	175000001	179500000	internal70	2.0	0.0
chr4	175000001	179500000	A96123A-R24-C53	3.0	0.0
chr4	175000001	179500000	A96123A-R24-C37	2.0	0.0
chr4	175000001	179500000	A96123A-R21-C36	2.0	0.0
chr4	175000001	179500000	A96167B-R37-C09	3.0	0.0
chr4	175000001	179500000	A96167B-R56-C15	1.0	1.0
chr4	179500001	188500000	internal225	3.0	0.0
chr4	179500001	188500000	internal191	2.0	0.0
chr4	179500001	188500000	internal90	3.0	0.0
chr4	179500001	188500000	internal96	2.5	0.0
chr4	179500001	188500000	A96167B-R43-C11	3.0	0.0
chr4	179500001	188500000	internal88	3.0	0.0
chr4	179500001	188500000	internal70	2.0	0.0
chr4	179500001	188500000	A96123A-R24-C53	3.0	0.0
chr4	179500001	188500000	A96123A-R24-C37	2.0	0.0
chr4	179500001	188500000	A96123A-R21-C36	2.0	0.0
chr4	179500001	188500000	A96167B-R37-C09	3.0	0.0
chr4	179500001	188500000	A96167B-R56-C15	1.0	1.0
chr5	2500001	20000000	internal225	1.0	1.0
chr5	2500001	20000000	internal191	2.0	1.0
chr5	2500001	20000000	internal90	1.0	1.0
chr5	2500001	20000000	internal96	1.0	1.0
chr5	2500001	20000000	A96167B-R43-C11	1.0	1.0
chr5	2500001	20000000	internal88	1.0	1.0
chr5	2500001	20000000	internal70	1.0	1.0
chr5	2500001	20000000	A96123A-R24-C53	1.0	1.0
chr5	2500001	20000000	A96123A-R24-C37	1.0	1.0
chr5	2500001	20000000	A96123A-R21-C36	1.0	1.0
chr5	2500001	20000000	A96167B-R37-C09	1.0	1.0
chr5	2500001	20000000	A96167B-R56-C15	2.0	3.0
chr5	20000001	32500000	internal225	1.0	1.0
chr5	20000001	32500000	internal191	2.0	1.0
chr5	20000001	32500000	internal90	1.0	1.0
chr5	20000001	32500000	internal96	1.0	1.0
chr5	20000001	32500000	A96167B-R43-C11	1.0	1.0
chr5	20000001	32500000	internal88	1.0	1.0
chr5	20000001	32500000	internal70	1.0	1.0
chr5	20000001	32500000	A96123A-R24-C53	1.0	1.0
chr5	20000001	32500000	A96123A-R24-C37	1.0	1.0
chr5	20000001	32500000	A96123A-R21-C36	1.0	1.0
chr5	20000001	32500000	A96167B-R37-C09	1.0	1.0
chr5	20000001	32500000	A96167B-R56-C15	2.0	2.0
chr5	33500001	37000000	internal225	2.0	2.0
chr5	33500001	37000000	internal191	2.0	2.0
chr5	33500001	37000000	internal90	2.0	1.0
chr5	33500001	37000000	internal96	2.0	1.0
chr5	33500001	37000000	A96167B-R43-C11	2.0	1.0
chr5	33500001	37000000	internal88	1.0	2.0
chr5	33500001	37000000	internal70	1.0	2.0
chr5	33500001	37000000	A96123A-R24-C53	1.0	2.0
chr5	33500001	37000000	A96123A-R24-C37	2.0	1.0
chr5	33500001	37000000	A96123A-R21-C36	1.0	2.0
chr5	33500001	37000000	A96167B-R37-C09	1.0	2.0
chr5	33500001	37000000	A96167B-R56-C15	2.0	1.0
chr5	37000001	42500000	internal225	2.0	1.0
chr5	37000001	42500000	internal191	2.0	2.0
chr5	37000001	42500000	internal90	2.0	1.0
chr5	37000001	42500000	internal96	2.0	1.0
chr5	37000001	42500000	A96167B-R43-C11	2.0	1.0
chr5	37000001	42500000	internal88	1.5	1.5
chr5	37000001	42500000	internal70	1.0	2.0
chr5	37000001	42500000	A96123A-R24-C53	1.0	2.0
chr5	37000001	42500000	A96123A-R24-C37	2.0	1.0
chr5	37000001	42500000	A96123A-R21-C36	1.0	2.0
chr5	37000001	42500000	A96167B-R37-C09	1.0	2.0
chr5	37000001	42500000	A96167B-R56-C15	2.0	1.0
chr5	53500001	55500000	internal225	1.0	1.0
chr5	53500001	55500000	internal191	2.0	2.0
chr5	53500001	55500000	internal90	2.0	1.0
chr5	53500001	55500000	internal96	1.5	1.0
chr5	53500001	55500000	A96167B-R43-C11	1.0	1.0
chr5	53500001	55500000	internal88	2.0	1.0
chr5	53500001	55500000	internal70	1.0	1.0
chr5	53500001	55500000	A96123A-R24-C53	1.0	1.0
chr5	53500001	55500000	A96123A-R24-C37	1.0	1.0
chr5	53500001	55500000	A96123A-R21-C36	1.0	1.0
chr5	53500001	55500000	A96167B-R37-C09	2.0	1.0
chr5	53500001	55500000	A96167B-R56-C15	2.0	1.0
chr5	55500001	59500000	internal225	2.0	1.0
chr5	55500001	59500000	internal191	3.0	2.0
chr5	55500001	59500000	internal90	2.0	1.0
chr5	55500001	59500000	internal96	2.0	1.0
chr5	55500001	59500000	A96167B-R43-C11	2.0	1.0
chr5	55500001	59500000	internal88	2.0	1.0
chr5	55500001	59500000	internal70	2.0	1.0
chr5	55500001	59500000	A96123A-R24-C53	2.0	1.0
chr5	55500001	59500000	A96123A-R24-C37	2.0	1.0
chr5	55500001	59500000	A96123A-R21-C36	2.0	1.0
chr5	55500001	59500000	A96167B-R37-C09	2.0	1.0
chr5	55500001	59500000	A96167B-R56-C15	2.0	2.0
chr5	59500001	60000000	internal225	2.0	1.0
chr5	59500001	60000000	internal191	2.5	2.0
chr5	59500001	60000000	internal90	2.0	1.0
chr5	59500001	60000000	internal96	2.0	1.0
chr5	59500001	60000000	A96167B-R43-C11	2.0	1.0
chr5	59500001	60000000	internal88	2.0	1.0
chr5	59500001	60000000	internal70	2.0	1.0
chr5	59500001	60000000	A96123A-R24-C53	2.0	1.0
chr5	59500001	60000000	A96123A-R24-C37	2.0	1.0
chr5	59500001	60000000	A96123A-R21-C36	2.0	1.0
chr5	59500001	60000000	A96167B-R37-C09	2.0	1.0
chr5	59500001	60000000	A96167B-R56-C15	2.0	1.0
chr5	60000001	68500000	internal225	2.0	1.0
chr5	60000001	68500000	internal191	2.0	2.0
chr5	60000001	68500000	internal90	2.0	1.0
chr5	60000001	68500000	internal96	2.0	1.0
chr5	60000001	68500000	A96167B-R43-C11	2.0	1.0
chr5	60000001	68500000	internal88	2.0	1.0
chr5	60000001	68500000	internal70	2.0	1.0
chr5	60000001	68500000	A96123A-R24-C53	1.0	1.0
chr5	60000001	68500000	A96123A-R24-C37	2.0	1.0
chr5	60000001	68500000	A96123A-R21-C36	2.0	1.0
chr5	60000001	68500000	A96167B-R37-C09	1.0	1.0
chr5	60000001	68500000	A96167B-R56-C15	1.0	2.0
chr5	71000001	74000000	internal225	2.0	1.0
chr5	71000001	74000000	internal191	2.0	2.0
chr5	71000001	74000000	internal90	2.0	1.0
chr5	71000001	74000000	internal96	2.0	1.0
chr5	71000001	74000000	A96167B-R43-C11	2.0	1.0
chr5	71000001	74000000	internal88	2.0	1.0
chr5	71000001	74000000	internal70	1.0	1.0
chr5	71000001	74000000	A96123A-R24-C53	1.0	1.0
chr5	71000001	74000000	A96123A-R24-C37	2.0	1.0
chr5	71000001	74000000	A96123A-R21-C36	2.0	1.0
chr5	71000001	74000000	A96167B-R37-C09	2.0	1.0
chr5	71000001	74000000	A96167B-R56-C15	0.0	2.0
chr5	74000001	81500000	internal225	2.0	1.0
chr5	74000001	81500000	internal191	2.0	1.0
chr5	74000001	81500000	internal90	2.0	1.0
chr5	74000001	81500000	internal96	2.0	1.0
chr5	74000001	81500000	A96167B-R43-C11	2.0	1.0
chr5	74000001	81500000	internal88	2.0	1.0
chr5	74000001	81500000	internal70	1.0	1.0
chr5	74000001	81500000	A96123A-R24-C53	1.0	1.0
chr5	74000001	81500000	A96123A-R24-C37	2.0	1.0
chr5	74000001	81500000	A96123A-R21-C36	2.0	1.0
chr5	74000001	81500000	A96167B-R37-C09	2.0	1.0
chr5	74000001	81500000	A96167B-R56-C15	0.0	2.0
chr5	82000001	84500000	internal225	2.0	1.0
chr5	82000001	84500000	internal191	2.0	0.0
chr5	82000001	84500000	internal90	2.0	1.0
chr5	82000001	84500000	internal96	2.0	1.0
chr5	82000001	84500000	A96167B-R43-C11	2.0	1.0
chr5	82000001	84500000	internal88	2.0	1.0
chr5	82000001	84500000	internal70	2.0	1.0
chr5	82000001	84500000	A96123A-R24-C53	1.0	1.0
chr5	82000001	84500000	A96123A-R24-C37	2.0	1.0
chr5	82000001	84500000	A96123A-R21-C36	2.0	1.0
chr5	82000001	84500000	A96167B-R37-C09	2.0	1.0
chr5	82000001	84500000	A96167B-R56-C15	0.0	2.0
chr5	84500001	94000000	internal225	2.0	2.0
chr5	84500001	94000000	internal191	2.0	1.0
chr5	84500001	94000000	internal90	2.0	2.0
chr5	84500001	94000000	internal96	2.5	1.5
chr5	84500001	94000000	A96167B-R43-C11	2.0	2.0
chr5	84500001	94000000	internal88	2.0	1.5
chr5	84500001	94000000	internal70	2.0	1.0
chr5	84500001	94000000	A96123A-R24-C53	1.0	2.0
chr5	84500001	94000000	A96123A-R24-C37	3.0	1.0
chr5	84500001	94000000	A96123A-R21-C36	3.0	1.0
chr5	84500001	94000000	A96167B-R37-C09	2.0	1.0
chr5	84500001	94000000	A96167B-R56-C15	0.0	2.0
chr5	94000001	98500000	internal225	2.0	2.0
chr5	94000001	98500000	internal191	2.0	1.0
chr5	94000001	98500000	internal90	2.0	2.0
chr5	94000001	98500000	internal96	2.0	2.0
chr5	94000001	98500000	A96167B-R43-C11	2.0	2.0
chr5	94000001	98500000	internal88	2.0	2.0
chr5	94000001	98500000	internal70	2.0	2.0
chr5	94000001	98500000	A96123A-R24-C53	1.0	2.0
chr5	94000001	98500000	A96123A-R24-C37	3.0	1.0
chr5	94000001	98500000	A96123A-R21-C36	3.0	1.0
chr5	94000001	98500000	A96167B-R37-C09	2.0	1.0
chr5	94000001	98500000	A96167B-R56-C15	0.0	2.0
chr5	98500001	99000000	internal225	2.0	2.0
chr5	98500001	99000000	internal191	2.0	1.0
chr5	98500001	99000000	internal90	2.0	2.0
chr5	98500001	99000000	internal96	2.0	2.0
chr5	98500001	99000000	A96167B-R43-C11	2.0	2.0
chr5	98500001	99000000	internal88	2.0	2.0
chr5	98500001	99000000	internal70	2.0	2.0
chr5	98500001	99000000	A96123A-R24-C53	1.0	2.0
chr5	98500001	99000000	A96123A-R24-C37	3.0	1.0
chr5	98500001	99000000	A96123A-R21-C36	3.0	1.0
chr5	98500001	99000000	A96167B-R37-C09	2.0	1.0
chr5	98500001	99000000	A96167B-R56-C15	0.0	2.0
chr5	100000001	108000000	internal225	2.0	2.0
chr5	100000001	108000000	internal191	2.0	1.0
chr5	100000001	108000000	internal90	2.0	2.0
chr5	100000001	108000000	internal96	2.0	2.0
chr5	100000001	108000000	A96167B-R43-C11	2.0	2.0
chr5	100000001	108000000	internal88	2.0	2.0
chr5	100000001	108000000	internal70	2.0	2.0
chr5	100000001	108000000	A96123A-R24-C53	1.0	2.0
chr5	100000001	108000000	A96123A-R24-C37	3.0	1.0
chr5	100000001	108000000	A96123A-R21-C36	2.0	2.0
chr5	100000001	108000000	A96167B-R37-C09	3.0	1.0
chr5	100000001	108000000	A96167B-R56-C15	0.0	2.0
chr5	108000001	112000000	internal225	2.0	2.0
chr5	108000001	112000000	internal191	2.0	1.0
chr5	108000001	112000000	internal90	2.0	2.0
chr5	108000001	112000000	internal96	2.0	2.0
chr5	108000001	112000000	A96167B-R43-C11	2.0	2.0
chr5	108000001	112000000	internal88	2.0	2.0
chr5	108000001	112000000	internal70	2.0	1.0
chr5	108000001	112000000	A96123A-R24-C53	1.0	2.0
chr5	108000001	112000000	A96123A-R24-C37	3.0	1.0
chr5	108000001	112000000	A96123A-R21-C36	2.0	2.0
chr5	108000001	112000000	A96167B-R37-C09	3.0	1.0
chr5	108000001	112000000	A96167B-R56-C15	0.0	2.0
chr5	112000001	112500000	internal225	2.0	2.0
chr5	112000001	112500000	internal191	2.0	1.0
chr5	112000001	112500000	internal90	2.0	2.0
chr5	112000001	112500000	internal96	2.0	2.0
chr5	112000001	112500000	A96167B-R43-C11	2.0	2.0
chr5	112000001	112500000	internal88	1.5	2.0
chr5	112000001	112500000	internal70	2.0	1.0
chr5	112000001	112500000	A96123A-R24-C53	1.0	2.0
chr5	112000001	112500000	A96123A-R24-C37	3.0	1.0
chr5	112000001	112500000	A96123A-R21-C36	2.0	2.0
chr5	112000001	112500000	A96167B-R37-C09	3.0	1.0
chr5	112000001	112500000	A96167B-R56-C15	0.0	2.0
chr5	112500001	115000000	internal225	2.0	2.0
chr5	112500001	115000000	internal191	2.0	1.0
chr5	112500001	115000000	internal90	2.0	2.0
chr5	112500001	115000000	internal96	2.0	2.0
chr5	112500001	115000000	A96167B-R43-C11	2.0	2.0
chr5	112500001	115000000	internal88	1.5	2.0
chr5	112500001	115000000	internal70	2.0	1.0
chr5	112500001	115000000	A96123A-R24-C53	1.0	2.0
chr5	112500001	115000000	A96123A-R24-C37	3.0	1.0
chr5	112500001	115000000	A96123A-R21-C36	2.0	2.0
chr5	112500001	115000000	A96167B-R37-C09	3.0	1.0
chr5	112500001	115000000	A96167B-R56-C15	0.0	2.0
chr5	115000001	118000000	internal225	2.0	2.0
chr5	115000001	118000000	internal191	2.0	1.0
chr5	115000001	118000000	internal90	2.0	2.0
chr5	115000001	118000000	internal96	2.0	2.0
chr5	115000001	118000000	A96167B-R43-C11	2.0	2.0
chr5	115000001	118000000	internal88	2.0	2.0
chr5	115000001	118000000	internal70	1.0	1.0
chr5	115000001	118000000	A96123A-R24-C53	1.0	2.0
chr5	115000001	118000000	A96123A-R24-C37	2.0	2.0
chr5	115000001	118000000	A96123A-R21-C36	2.0	2.0
chr5	115000001	118000000	A96167B-R37-C09	2.0	2.0
chr5	115000001	118000000	A96167B-R56-C15	0.0	2.0
chr5	118000001	132500000	internal225	1.0	2.0
chr5	118000001	132500000	internal191	1.0	1.0
chr5	118000001	132500000	internal90	1.0	2.0
chr5	118000001	132500000	internal96	1.0	2.0
chr5	118000001	132500000	A96167B-R43-C11	1.0	2.0
chr5	118000001	132500000	internal88	1.0	2.0
chr5	118000001	132500000	internal70	1.0	2.0
chr5	118000001	132500000	A96123A-R24-C53	0.0	2.0
chr5	118000001	132500000	A96123A-R24-C37	1.0	2.0
chr5	118000001	132500000	A96123A-R21-C36	1.0	2.0
chr5	118000001	132500000	A96167B-R37-C09	1.0	2.0
chr5	118000001	132500000	A96167B-R56-C15	0.0	2.0
chr5	133000001	139500000	internal225	1.0	2.0
chr5	133000001	139500000	internal191	1.5	1.0
chr5	133000001	139500000	internal90	1.0	2.0
chr5	133000001	139500000	internal96	1.0	2.5
chr5	133000001	139500000	A96167B-R43-C11	1.0	2.0
chr5	133000001	139500000	internal88	1.0	2.0
chr5	133000001	139500000	internal70	1.0	2.0
chr5	133000001	139500000	A96123A-R24-C53	0.0	2.0
chr5	133000001	139500000	A96123A-R24-C37	1.0	2.0
chr5	133000001	139500000	A96123A-R21-C36	1.0	2.0
chr5	133000001	139500000	A96167B-R37-C09	0.0	2.0
chr5	133000001	139500000	A96167B-R56-C15	0.0	2.0
chr5	139500001	150500000	internal225	1.0	2.0
chr5	139500001	150500000	internal191	1.5	1.0
chr5	139500001	150500000	internal90	1.0	2.0
chr5	139500001	150500000	internal96	1.0	2.5
chr5	139500001	150500000	A96167B-R43-C11	1.0	2.0
chr5	139500001	150500000	internal88	1.0	2.0
chr5	139500001	150500000	internal70	1.0	2.0
chr5	139500001	150500000	A96123A-R24-C53	0.0	2.0
chr5	139500001	150500000	A96123A-R24-C37	1.0	2.0
chr5	139500001	150500000	A96123A-R21-C36	1.0	2.0
chr5	139500001	150500000	A96167B-R37-C09	1.0	2.0
chr5	139500001	150500000	A96167B-R56-C15	1.0	2.0
chr5	150500001	160000000	internal225	1.0	2.0
chr5	150500001	160000000	internal191	1.5	1.0
chr5	150500001	160000000	internal90	1.0	2.0
chr5	150500001	160000000	internal96	1.0	2.5
chr5	150500001	160000000	A96167B-R43-C11	1.0	2.0
chr5	150500001	160000000	internal88	1.0	2.0
chr5	150500001	160000000	internal70	1.0	2.0
chr5	150500001	160000000	A96123A-R24-C53	0.0	2.0
chr5	150500001	160000000	A96123A-R24-C37	1.0	2.0
chr5	150500001	160000000	A96123A-R21-C36	1.0	2.0
chr5	150500001	160000000	A96167B-R37-C09	1.0	2.0
chr5	150500001	160000000	A96167B-R56-C15	2.0	1.0
chr5	160500001	174000000	internal225	1.0	2.0
chr5	160500001	174000000	internal191	1.5	1.0
chr5	160500001	174000000	internal90	1.0	2.0
chr5	160500001	174000000	internal96	1.0	2.5
chr5	160500001	174000000	A96167B-R43-C11	1.0	2.0
chr5	160500001	174000000	internal88	1.0	2.0
chr5	160500001	174000000	internal70	1.0	2.0
chr5	160500001	174000000	A96123A-R24-C53	0.0	2.0
chr5	160500001	174000000	A96123A-R24-C37	1.0	2.0
chr5	160500001	174000000	A96123A-R21-C36	1.0	2.0
chr5	160500001	174000000	A96167B-R37-C09	1.0	2.0
chr5	160500001	174000000	A96167B-R56-C15	2.0	2.0
chr5	174000001	179500000	internal225	1.0	2.0
chr5	174000001	179500000	internal191	1.5	1.0
chr5	174000001	179500000	internal90	1.0	2.0
chr5	174000001	179500000	internal96	1.0	2.5
chr5	174000001	179500000	A96167B-R43-C11	1.0	2.0
chr5	174000001	179500000	internal88	1.0	2.0
chr5	174000001	179500000	internal70	1.0	1.0
chr5	174000001	179500000	A96123A-R24-C53	0.0	2.0
chr5	174000001	179500000	A96123A-R24-C37	1.0	2.0
chr5	174000001	179500000	A96123A-R21-C36	1.0	2.0
chr5	174000001	179500000	A96167B-R37-C09	1.0	1.0
chr5	174000001	179500000	A96167B-R56-C15	2.0	2.0
chr6	3000001	5500000	internal225	3.0	3.0
chr6	3000001	5500000	internal191	2.0	2.0
chr6	3000001	5500000	internal90	3.0	3.0
chr6	3000001	5500000	internal96	3.0	3.0
chr6	3000001	5500000	A96167B-R43-C11	3.0	2.0
chr6	3000001	5500000	internal88	3.5	3.0
chr6	3000001	5500000	internal70	3.0	2.0
chr6	3000001	5500000	A96123A-R24-C53	3.0	3.0
chr6	3000001	5500000	A96123A-R24-C37	3.0	3.0
chr6	3000001	5500000	A96123A-R21-C36	3.0	3.0
chr6	3000001	5500000	A96167B-R37-C09	3.0	3.0
chr6	3000001	5500000	A96167B-R56-C15	2.0	2.0
chr6	5500001	6000000	internal225	3.0	3.0
chr6	5500001	6000000	internal191	2.0	2.0
chr6	5500001	6000000	internal90	3.0	3.0
chr6	5500001	6000000	internal96	3.0	3.0
chr6	5500001	6000000	A96167B-R43-C11	2.0	3.0
chr6	5500001	6000000	internal88	3.0	3.0
chr6	5500001	6000000	internal70	3.0	3.0
chr6	5500001	6000000	A96123A-R24-C53	3.0	3.0
chr6	5500001	6000000	A96123A-R24-C37	3.0	3.0
chr6	5500001	6000000	A96123A-R21-C36	3.0	3.0
chr6	5500001	6000000	A96167B-R37-C09	3.0	3.0
chr6	5500001	6000000	A96167B-R56-C15	4.0	0.0
chr6	6500001	12500000	internal225	3.0	3.0
chr6	6500001	12500000	internal191	3.0	2.0
chr6	6500001	12500000	internal90	3.0	3.0
chr6	6500001	12500000	internal96	3.0	3.0
chr6	6500001	12500000	A96167B-R43-C11	2.0	3.0
chr6	6500001	12500000	internal88	3.0	3.0
chr6	6500001	12500000	internal70	3.0	3.0
chr6	6500001	12500000	A96123A-R24-C53	3.0	3.0
chr6	6500001	12500000	A96123A-R24-C37	3.0	3.0
chr6	6500001	12500000	A96123A-R21-C36	3.0	3.0
chr6	6500001	12500000	A96167B-R37-C09	3.0	3.0
chr6	6500001	12500000	A96167B-R56-C15	2.0	2.0
chr6	12500001	17000000	internal225	3.0	4.0
chr6	12500001	17000000	internal191	3.0	3.0
chr6	12500001	17000000	internal90	2.5	4.5
chr6	12500001	17000000	internal96	2.5	4.0
chr6	12500001	17000000	A96167B-R43-C11	1.0	4.0
chr6	12500001	17000000	internal88	3.0	3.0
chr6	12500001	17000000	internal70	2.0	4.0
chr6	12500001	17000000	A96123A-R24-C53	3.0	4.0
chr6	12500001	17000000	A96123A-R24-C37	3.0	3.0
chr6	12500001	17000000	A96123A-R21-C36	3.0	3.0
chr6	12500001	17000000	A96167B-R37-C09	3.0	3.0
chr6	12500001	17000000	A96167B-R56-C15	3.0	0.0
chr6	17000001	18000000	internal225	3.0	4.0
chr6	17000001	18000000	internal191	3.0	2.0
chr6	17000001	18000000	internal90	4.0	3.0
chr6	17000001	18000000	internal96	3.0	3.5
chr6	17000001	18000000	A96167B-R43-C11	1.0	4.0
chr6	17000001	18000000	internal88	3.0	3.0
chr6	17000001	18000000	internal70	2.0	4.0
chr6	17000001	18000000	A96123A-R24-C53	3.0	3.0
chr6	17000001	18000000	A96123A-R24-C37	3.0	3.0
chr6	17000001	18000000	A96123A-R21-C36	3.0	3.0
chr6	17000001	18000000	A96167B-R37-C09	3.0	3.0
chr6	17000001	18000000	A96167B-R56-C15	2.0	2.0
chr6	18000001	19000000	internal225	3.0	3.0
chr6	18000001	19000000	internal191	2.0	2.0
chr6	18000001	19000000	internal90	4.0	3.0
chr6	18000001	19000000	internal96	3.0	2.5
chr6	18000001	19000000	A96167B-R43-C11	4.0	1.0
chr6	18000001	19000000	internal88	3.0	3.0
chr6	18000001	19000000	internal70	3.0	2.0
chr6	18000001	19000000	A96123A-R24-C53	3.0	3.0
chr6	18000001	19000000	A96123A-R24-C37	3.0	3.0
chr6	18000001	19000000	A96123A-R21-C36	3.0	3.0
chr6	18000001	19000000	A96167B-R37-C09	3.0	3.0
chr6	18000001	19000000	A96167B-R56-C15	2.0	2.0
chr6	19000001	19500000	internal225	3.0	2.0
chr6	19000001	19500000	internal191	3.0	1.0
chr6	19000001	19500000	internal90	4.0	3.0
chr6	19000001	19500000	internal96	3.5	2.0
chr6	19000001	19500000	A96167B-R43-C11	4.0	1.0
chr6	19000001	19500000	internal88	2.0	2.0
chr6	19000001	19500000	internal70	3.0	2.0
chr6	19000001	19500000	A96123A-R24-C53	3.0	3.0
chr6	19000001	19500000	A96123A-R24-C37	3.0	3.0
chr6	19000001	19500000	A96123A-R21-C36	3.0	3.0
chr6	19000001	19500000	A96167B-R37-C09	1.0	5.0
chr6	19000001	19500000	A96167B-R56-C15	4.0	0.0
chr6	20000001	26000000	internal225	2.0	1.0
chr6	20000001	26000000	internal191	2.0	1.0
chr6	20000001	26000000	internal90	1.5	1.0
chr6	20000001	26000000	internal96	2.0	1.0
chr6	20000001	26000000	A96167B-R43-C11	1.0	1.0
chr6	20000001	26000000	internal88	2.0	1.0
chr6	20000001	26000000	internal70	2.0	1.0
chr6	20000001	26000000	A96123A-R24-C53	2.0	1.0
chr6	20000001	26000000	A96123A-R24-C37	2.0	1.0
chr6	20000001	26000000	A96123A-R21-C36	2.0	1.0
chr6	20000001	26000000	A96167B-R37-C09	1.0	2.0
chr6	20000001	26000000	A96167B-R56-C15	4.0	0.0
chr6	26000001	36500000	internal225	2.0	1.0
chr6	26000001	36500000	internal191	2.0	1.0
chr6	26000001	36500000	internal90	2.0	1.0
chr6	26000001	36500000	internal96	2.0	1.0
chr6	26000001	36500000	A96167B-R43-C11	2.0	1.0
chr6	26000001	36500000	internal88	2.0	1.0
chr6	26000001	36500000	internal70	2.0	1.0
chr6	26000001	36500000	A96123A-R24-C53	2.0	1.0
chr6	26000001	36500000	A96123A-R24-C37	2.0	1.0
chr6	26000001	36500000	A96123A-R21-C36	2.0	1.0
chr6	26000001	36500000	A96167B-R37-C09	1.0	1.0
chr6	26000001	36500000	A96167B-R56-C15	3.0	0.0
chr6	36500001	40000000	internal225	2.0	2.0
chr6	36500001	40000000	internal191	2.0	1.0
chr6	36500001	40000000	internal90	2.5	1.5
chr6	36500001	40000000	internal96	2.0	1.0
chr6	36500001	40000000	A96167B-R43-C11	2.0	2.0
chr6	36500001	40000000	internal88	2.0	2.0
chr6	36500001	40000000	internal70	1.0	2.0
chr6	36500001	40000000	A96123A-R24-C53	1.0	2.0
chr6	36500001	40000000	A96123A-R24-C37	2.0	2.0
chr6	36500001	40000000	A96123A-R21-C36	2.0	2.0
chr6	36500001	40000000	A96167B-R37-C09	1.0	2.0
chr6	36500001	40000000	A96167B-R56-C15	3.0	0.0
chr6	40000001	41000000	internal225	2.0	3.0
chr6	40000001	41000000	internal191	2.0	1.0
chr6	40000001	41000000	internal90	2.0	2.5
chr6	40000001	41000000	internal96	2.0	2.5
chr6	40000001	41000000	A96167B-R43-C11	2.0	2.0
chr6	40000001	41000000	internal88	2.0	2.0
chr6	40000001	41000000	internal70	1.0	2.0
chr6	40000001	41000000	A96123A-R24-C53	1.0	2.0
chr6	40000001	41000000	A96123A-R24-C37	2.0	2.0
chr6	40000001	41000000	A96123A-R21-C36	1.0	3.0
chr6	40000001	41000000	A96167B-R37-C09	2.0	3.0
chr6	40000001	41000000	A96167B-R56-C15	3.0	0.0
chr6	41000001	44000000	internal225	2.0	3.0
chr6	41000001	44000000	internal191	3.0	1.0
chr6	41000001	44000000	internal90	2.0	2.5
chr6	41000001	44000000	internal96	2.0	2.5
chr6	41000001	44000000	A96167B-R43-C11	2.0	2.0
chr6	41000001	44000000	internal88	2.0	2.0
chr6	41000001	44000000	internal70	1.0	2.0
chr6	41000001	44000000	A96123A-R24-C53	1.0	2.0
chr6	41000001	44000000	A96123A-R24-C37	2.0	2.0
chr6	41000001	44000000	A96123A-R21-C36	2.0	2.0
chr6	41000001	44000000	A96167B-R37-C09	2.0	3.0
chr6	41000001	44000000	A96167B-R56-C15	3.0	0.0
chr6	44000001	54000000	internal225	2.0	2.0
chr6	44000001	54000000	internal191	2.0	1.0
chr6	44000001	54000000	internal90	2.0	2.0
chr6	44000001	54000000	internal96	2.0	2.0
chr6	44000001	54000000	A96167B-R43-C11	2.0	2.0
chr6	44000001	54000000	internal88	2.0	2.0
chr6	44000001	54000000	internal70	2.0	2.0
chr6	44000001	54000000	A96123A-R24-C53	1.0	2.0
chr6	44000001	54000000	A96123A-R24-C37	2.0	2.0
chr6	44000001	54000000	A96123A-R21-C36	2.0	2.0
chr6	44000001	54000000	A96167B-R37-C09	2.0	2.0
chr6	44000001	54000000	A96167B-R56-C15	3.0	0.0
chr6	66000001	74500000	internal225	2.0	2.0
chr6	66000001	74500000	internal191	2.0	1.0
chr6	66000001	74500000	internal90	2.0	2.0
chr6	66000001	74500000	internal96	2.0	2.0
chr6	66000001	74500000	A96167B-R43-C11	2.0	2.0
chr6	66000001	74500000	internal88	2.0	2.0
chr6	66000001	74500000	internal70	2.0	2.0
chr6	66000001	74500000	A96123A-R24-C53	1.0	2.0
chr6	66000001	74500000	A96123A-R24-C37	2.0	2.0
chr6	66000001	74500000	A96123A-R21-C36	2.0	2.0
chr6	66000001	74500000	A96167B-R37-C09	2.0	2.0
chr6	66000001	74500000	A96167B-R56-C15	1.0	0.0
chr6	75000001	86500000	internal225	2.0	0.0
chr6	75000001	86500000	internal191	2.0	0.0
chr6	75000001	86500000	internal90	2.0	0.0
chr6	75000001	86500000	internal96	2.0	0.0
chr6	75000001	86500000	A96167B-R43-C11	2.0	0.0
chr6	75000001	86500000	internal88	2.0	0.0
chr6	75000001	86500000	internal70	2.0	0.0
chr6	75000001	86500000	A96123A-R24-C53	1.0	0.0
chr6	75000001	86500000	A96123A-R24-C37	2.0	0.0
chr6	75000001	86500000	A96123A-R21-C36	2.0	0.0
chr6	75000001	86500000	A96167B-R37-C09	2.0	0.0
chr6	75000001	86500000	A96167B-R56-C15	2.0	0.0
chr6	88000001	109000000	internal225	2.0	0.0
chr6	88000001	109000000	internal191	2.0	0.0
chr6	88000001	109000000	internal90	2.0	0.0
chr6	88000001	109000000	internal96	2.0	0.0
chr6	88000001	109000000	A96167B-R43-C11	2.0	0.0
chr6	88000001	109000000	internal88	2.0	0.0
chr6	88000001	109000000	internal70	2.0	0.0
chr6	88000001	109000000	A96123A-R24-C53	1.0	0.0
chr6	88000001	109000000	A96123A-R24-C37	2.0	0.0
chr6	88000001	109000000	A96123A-R21-C36	2.0	0.0
chr6	88000001	109000000	A96167B-R37-C09	2.0	0.0
chr6	88000001	109000000	A96167B-R56-C15	2.0	0.0
chr6	109000001	115000000	internal225	2.0	0.0
chr6	109000001	115000000	internal191	2.0	0.0
chr6	109000001	115000000	internal90	2.0	0.0
chr6	109000001	115000000	internal96	2.0	0.0
chr6	109000001	115000000	A96167B-R43-C11	2.0	0.0
chr6	109000001	115000000	internal88	2.0	0.0
chr6	109000001	115000000	internal70	2.0	0.0
chr6	109000001	115000000	A96123A-R24-C53	1.0	0.0
chr6	109000001	115000000	A96123A-R24-C37	2.0	0.0
chr6	109000001	115000000	A96123A-R21-C36	2.0	0.0
chr6	109000001	115000000	A96167B-R37-C09	2.0	0.0
chr6	109000001	115000000	A96167B-R56-C15	2.0	0.0
chr6	115500001	116000000	internal225	2.0	0.0
chr6	115500001	116000000	internal191	2.0	0.0
chr6	115500001	116000000	internal90	2.0	0.0
chr6	115500001	116000000	internal96	2.0	0.0
chr6	115500001	116000000	A96167B-R43-C11	2.0	0.0
chr6	115500001	116000000	internal88	2.0	0.0
chr6	115500001	116000000	internal70	2.0	0.0
chr6	115500001	116000000	A96123A-R24-C53	1.0	0.0
chr6	115500001	116000000	A96123A-R24-C37	2.0	0.0
chr6	115500001	116000000	A96123A-R21-C36	2.0	0.0
chr6	115500001	116000000	A96167B-R37-C09	2.0	0.0
chr6	115500001	116000000	A96167B-R56-C15	2.0	0.0
chr6	116500001	131000000	internal225	2.0	0.0
chr6	116500001	131000000	internal191	2.0	0.0
chr6	116500001	131000000	internal90	2.0	0.0
chr6	116500001	131000000	internal96	2.0	0.0
chr6	116500001	131000000	A96167B-R43-C11	2.0	0.0
chr6	116500001	131000000	internal88	2.0	0.0
chr6	116500001	131000000	internal70	2.0	0.0
chr6	116500001	131000000	A96123A-R24-C53	1.0	0.0
chr6	116500001	131000000	A96123A-R24-C37	2.0	0.0
chr6	116500001	131000000	A96123A-R21-C36	2.0	0.0
chr6	116500001	131000000	A96167B-R37-C09	2.0	0.0
chr6	116500001	131000000	A96167B-R56-C15	2.0	0.0
chr6	131000001	141000000	internal225	2.0	0.0
chr6	131000001	141000000	internal191	2.0	0.0
chr6	131000001	141000000	internal90	2.0	0.0
chr6	131000001	141000000	internal96	2.0	0.0
chr6	131000001	141000000	A96167B-R43-C11	2.0	0.0
chr6	131000001	141000000	internal88	2.0	0.0
chr6	131000001	141000000	internal70	2.0	0.0
chr6	131000001	141000000	A96123A-R24-C53	1.0	0.0
chr6	131000001	141000000	A96123A-R24-C37	2.0	0.0
chr6	131000001	141000000	A96123A-R21-C36	2.0	0.0
chr6	131000001	141000000	A96167B-R37-C09	2.0	0.0
chr6	131000001	141000000	A96167B-R56-C15	3.0	0.0
chr6	141000001	148000000	internal225	2.0	0.0
chr6	141000001	148000000	internal191	2.0	0.0
chr6	141000001	148000000	internal90	2.0	0.0
chr6	141000001	148000000	internal96	2.0	0.0
chr6	141000001	148000000	A96167B-R43-C11	2.0	0.0
chr6	141000001	148000000	internal88	2.0	0.0
chr6	141000001	148000000	internal70	2.0	0.0
chr6	141000001	148000000	A96123A-R24-C53	1.0	0.0
chr6	141000001	148000000	A96123A-R24-C37	2.0	0.0
chr6	141000001	148000000	A96123A-R21-C36	2.0	0.0
chr6	141000001	148000000	A96167B-R37-C09	2.0	0.0
chr6	141000001	148000000	A96167B-R56-C15	3.0	0.0
chr6	148000001	154500000	internal225	2.0	0.0
chr6	148000001	154500000	internal191	2.0	0.0
chr6	148000001	154500000	internal90	2.0	0.0
chr6	148000001	154500000	internal96	2.0	0.0
chr6	148000001	154500000	A96167B-R43-C11	2.0	0.0
chr6	148000001	154500000	internal88	2.0	0.0
chr6	148000001	154500000	internal70	2.0	0.0
chr6	148000001	154500000	A96123A-R24-C53	1.0	0.0
chr6	148000001	154500000	A96123A-R24-C37	2.0	0.0
chr6	148000001	154500000	A96123A-R21-C36	2.0	0.0
chr6	148000001	154500000	A96167B-R37-C09	2.0	0.0
chr6	148000001	154500000	A96167B-R56-C15	3.0	0.0
chr6	154500001	155000000	internal225	2.0	0.0
chr6	154500001	155000000	internal191	2.0	0.0
chr6	154500001	155000000	internal90	1.5	0.0
chr6	154500001	155000000	internal96	1.5	0.0
chr6	154500001	155000000	A96167B-R43-C11	2.0	0.0
chr6	154500001	155000000	internal88	2.0	0.0
chr6	154500001	155000000	internal70	2.0	0.0
chr6	154500001	155000000	A96123A-R24-C53	1.0	0.0
chr6	154500001	155000000	A96123A-R24-C37	1.0	0.0
chr6	154500001	155000000	A96123A-R21-C36	2.0	0.0
chr6	154500001	155000000	A96167B-R37-C09	2.0	0.0
chr6	154500001	155000000	A96167B-R56-C15	3.0	0.0
chr6	155000001	158500000	internal225	1.0	0.0
chr6	155000001	158500000	internal191	1.0	0.0
chr6	155000001	158500000	internal90	1.0	0.0
chr6	155000001	158500000	internal96	1.0	0.0
chr6	155000001	158500000	A96167B-R43-C11	1.0	0.0
chr6	155000001	158500000	internal88	1.0	0.0
chr6	155000001	158500000	internal70	1.0	0.0
chr6	155000001	158500000	A96123A-R24-C53	1.0	0.0
chr6	155000001	158500000	A96123A-R24-C37	1.0	0.0
chr6	155000001	158500000	A96123A-R21-C36	1.0	0.0
chr6	155000001	158500000	A96167B-R37-C09	2.0	0.0
chr6	155000001	158500000	A96167B-R56-C15	3.0	0.0
chr6	158500001	159000000	internal225	1.0	0.0
chr6	158500001	159000000	internal191	1.0	0.0
chr6	158500001	159000000	internal90	1.0	0.0
chr6	158500001	159000000	internal96	1.0	0.0
chr6	158500001	159000000	A96167B-R43-C11	1.0	0.0
chr6	158500001	159000000	internal88	1.0	0.0
chr6	158500001	159000000	internal70	1.0	0.0
chr6	158500001	159000000	A96123A-R24-C53	1.0	0.0
chr6	158500001	159000000	A96123A-R24-C37	1.0	0.0
chr6	158500001	159000000	A96123A-R21-C36	1.0	0.0
chr6	158500001	159000000	A96167B-R37-C09	1.0	0.0
chr6	158500001	159000000	A96167B-R56-C15	3.0	0.0
chr6	159000001	169000000	internal225	1.0	0.0
chr6	159000001	169000000	internal191	1.0	0.0
chr6	159000001	169000000	internal90	1.0	0.0
chr6	159000001	169000000	internal96	1.0	0.0
chr6	159000001	169000000	A96167B-R43-C11	1.0	0.0
chr6	159000001	169000000	internal88	1.0	0.0
chr6	159000001	169000000	internal70	1.0	0.0
chr6	159000001	169000000	A96123A-R24-C53	1.0	0.0
chr6	159000001	169000000	A96123A-R24-C37	1.0	0.0
chr6	159000001	169000000	A96123A-R21-C36	1.0	0.0
chr6	159000001	169000000	A96167B-R37-C09	1.0	0.0
chr6	159000001	169000000	A96167B-R56-C15	3.0	0.0
chr7	2000001	4500000	internal225	1.0	0.0
chr7	2000001	4500000	internal191	1.0	0.0
chr7	2000001	4500000	internal90	1.0	0.0
chr7	2000001	4500000	internal96	1.0	0.0
chr7	2000001	4500000	A96167B-R43-C11	1.0	0.0
chr7	2000001	4500000	internal88	1.0	0.0
chr7	2000001	4500000	internal70	1.0	0.0
chr7	2000001	4500000	A96123A-R24-C53	1.0	0.0
chr7	2000001	4500000	A96123A-R24-C37	1.0	0.0
chr7	2000001	4500000	A96123A-R21-C36	1.0	0.0
chr7	2000001	4500000	A96167B-R37-C09	2.0	0.0
chr7	2000001	4500000	A96167B-R56-C15	4.0	0.0
chr7	5000001	7500000	internal225	2.0	1.0
chr7	5000001	7500000	internal191	1.0	1.0
chr7	5000001	7500000	internal90	2.0	1.0
chr7	5000001	7500000	internal96	2.0	1.0
chr7	5000001	7500000	A96167B-R43-C11	2.0	1.0
chr7	5000001	7500000	internal88	2.0	1.0
chr7	5000001	7500000	internal70	2.0	1.0
chr7	5000001	7500000	A96123A-R24-C53	2.0	1.0
chr7	5000001	7500000	A96123A-R24-C37	3.0	0.0
chr7	5000001	7500000	A96123A-R21-C36	1.0	1.0
chr7	5000001	7500000	A96167B-R37-C09	1.0	1.0
chr7	5000001	7500000	A96167B-R56-C15	1.0	3.0
chr7	8000001	17000000	internal225	2.0	1.0
chr7	8000001	17000000	internal191	1.0	1.0
chr7	8000001	17000000	internal90	2.0	1.0
chr7	8000001	17000000	internal96	2.0	1.0
chr7	8000001	17000000	A96167B-R43-C11	3.0	1.0
chr7	8000001	17000000	internal88	2.0	1.0
chr7	8000001	17000000	internal70	2.0	1.0
chr7	8000001	17000000	A96123A-R24-C53	2.0	1.0
chr7	8000001	17000000	A96123A-R24-C37	2.0	1.0
chr7	8000001	17000000	A96123A-R21-C36	2.0	1.0
chr7	8000001	17000000	A96167B-R37-C09	1.0	1.0
chr7	8000001	17000000	A96167B-R56-C15	1.0	3.0
chr7	17000001	18500000	internal225	2.0	1.0
chr7	17000001	18500000	internal191	2.0	1.0
chr7	17000001	18500000	internal90	2.0	1.0
chr7	17000001	18500000	internal96	1.5	1.0
chr7	17000001	18500000	A96167B-R43-C11	3.0	1.0
chr7	17000001	18500000	internal88	2.0	1.0
chr7	17000001	18500000	internal70	2.0	1.0
chr7	17000001	18500000	A96123A-R24-C53	2.0	1.0
chr7	17000001	18500000	A96123A-R24-C37	2.0	1.0
chr7	17000001	18500000	A96123A-R21-C36	1.0	2.0
chr7	17000001	18500000	A96167B-R37-C09	1.0	1.0
chr7	17000001	18500000	A96167B-R56-C15	1.0	3.0
chr7	18500001	26500000	internal225	2.0	1.0
chr7	18500001	26500000	internal191	2.0	1.0
chr7	18500001	26500000	internal90	2.0	1.0
chr7	18500001	26500000	internal96	1.5	1.0
chr7	18500001	26500000	A96167B-R43-C11	2.0	1.0
chr7	18500001	26500000	internal88	2.0	1.0
chr7	18500001	26500000	internal70	2.0	1.0
chr7	18500001	26500000	A96123A-R24-C53	2.0	1.0
chr7	18500001	26500000	A96123A-R24-C37	2.0	1.0
chr7	18500001	26500000	A96123A-R21-C36	1.0	2.0
chr7	18500001	26500000	A96167B-R37-C09	1.0	1.0
chr7	18500001	26500000	A96167B-R56-C15	1.0	3.0
chr7	26500001	29500000	internal225	2.0	1.0
chr7	26500001	29500000	internal191	2.0	1.0
chr7	26500001	29500000	internal90	2.0	1.0
chr7	26500001	29500000	internal96	1.5	1.0
chr7	26500001	29500000	A96167B-R43-C11	2.0	1.0
chr7	26500001	29500000	internal88	2.0	1.0
chr7	26500001	29500000	internal70	2.0	1.0
chr7	26500001	29500000	A96123A-R24-C53	2.0	1.0
chr7	26500001	29500000	A96123A-R24-C37	2.0	1.0
chr7	26500001	29500000	A96123A-R21-C36	2.0	1.0
chr7	26500001	29500000	A96167B-R37-C09	1.0	1.0
chr7	26500001	29500000	A96167B-R56-C15	1.0	3.0
chr7	29500001	34000000	internal225	2.0	1.0
chr7	29500001	34000000	internal191	3.0	1.0
chr7	29500001	34000000	internal90	2.0	1.0
chr7	29500001	34000000	internal96	1.5	1.0
chr7	29500001	34000000	A96167B-R43-C11	2.0	1.0
chr7	29500001	34000000	internal88	2.0	1.0
chr7	29500001	34000000	internal70	2.0	1.0
chr7	29500001	34000000	A96123A-R24-C53	2.0	1.0
chr7	29500001	34000000	A96123A-R24-C37	2.0	1.0
chr7	29500001	34000000	A96123A-R21-C36	2.0	1.0
chr7	29500001	34000000	A96167B-R37-C09	1.0	1.0
chr7	29500001	34000000	A96167B-R56-C15	2.0	2.0
chr7	35500001	36500000	internal225	2.0	1.0
chr7	35500001	36500000	internal191	2.0	1.0
chr7	35500001	36500000	internal90	1.5	1.0
chr7	35500001	36500000	internal96	1.5	1.5
chr7	35500001	36500000	A96167B-R43-C11	2.0	1.0
chr7	35500001	36500000	internal88	2.0	1.0
chr7	35500001	36500000	internal70	2.0	1.0
chr7	35500001	36500000	A96123A-R24-C53	2.0	1.0
chr7	35500001	36500000	A96123A-R24-C37	2.0	1.0
chr7	35500001	36500000	A96123A-R21-C36	2.0	1.0
chr7	35500001	36500000	A96167B-R37-C09	2.0	1.0
chr7	35500001	36500000	A96167B-R56-C15	2.0	2.0
chr7	36500001	51000000	internal225	2.0	1.0
chr7	36500001	51000000	internal191	2.0	1.0
chr7	36500001	51000000	internal90	1.5	1.0
chr7	36500001	51000000	internal96	2.0	1.0
chr7	36500001	51000000	A96167B-R43-C11	2.0	1.0
chr7	36500001	51000000	internal88	2.0	1.0
chr7	36500001	51000000	internal70	2.0	1.0
chr7	36500001	51000000	A96123A-R24-C53	2.0	1.0
chr7	36500001	51000000	A96123A-R24-C37	2.0	1.0
chr7	36500001	51000000	A96123A-R21-C36	2.0	1.0
chr7	36500001	51000000	A96167B-R37-C09	2.0	1.0
chr7	36500001	51000000	A96167B-R56-C15	1.0	3.0
chr7	51000001	55000000	internal225	2.0	1.0
chr7	51000001	55000000	internal191	2.0	1.0
chr7	51000001	55000000	internal90	2.0	1.0
chr7	51000001	55000000	internal96	2.5	1.0
chr7	51000001	55000000	A96167B-R43-C11	3.0	1.0
chr7	51000001	55000000	internal88	2.0	1.0
chr7	51000001	55000000	internal70	2.0	1.0
chr7	51000001	55000000	A96123A-R24-C53	2.0	1.0
chr7	51000001	55000000	A96123A-R24-C37	2.0	1.0
chr7	51000001	55000000	A96123A-R21-C36	2.0	1.0
chr7	51000001	55000000	A96167B-R37-C09	1.0	1.0
chr7	51000001	55000000	A96167B-R56-C15	1.0	2.0
chr7	66000001	67500000	internal225	1.0	1.0
chr7	66000001	67500000	internal191	1.0	1.0
chr7	66000001	67500000	internal90	1.0	1.0
chr7	66000001	67500000	internal96	1.5	1.0
chr7	66000001	67500000	A96167B-R43-C11	2.0	1.0
chr7	66000001	67500000	internal88	1.5	1.0
chr7	66000001	67500000	internal70	2.0	1.0
chr7	66000001	67500000	A96123A-R24-C53	1.0	1.0
chr7	66000001	67500000	A96123A-R24-C37	1.0	1.0
chr7	66000001	67500000	A96123A-R21-C36	1.0	1.0
chr7	66000001	67500000	A96167B-R37-C09	1.0	1.0
chr7	66000001	67500000	A96167B-R56-C15	1.0	1.0
chr7	67500001	77500000	internal225	2.0	1.0
chr7	67500001	77500000	internal191	2.0	1.0
chr7	67500001	77500000	internal90	1.5	1.0
chr7	67500001	77500000	internal96	1.5	1.0
chr7	67500001	77500000	A96167B-R43-C11	2.0	1.0
chr7	67500001	77500000	internal88	2.0	1.0
chr7	67500001	77500000	internal70	2.0	1.0
chr7	67500001	77500000	A96123A-R24-C53	1.0	1.0
chr7	67500001	77500000	A96123A-R24-C37	2.0	1.0
chr7	67500001	77500000	A96123A-R21-C36	1.0	1.0
chr7	67500001	77500000	A96167B-R37-C09	1.0	1.0
chr7	67500001	77500000	A96167B-R56-C15	1.0	1.0
chr7	77500001	83000000	internal225	2.0	1.0
chr7	77500001	83000000	internal191	2.0	1.0
chr7	77500001	83000000	internal90	1.5	0.0
chr7	77500001	83000000	internal96	2.5	1.0
chr7	77500001	83000000	A96167B-R43-C11	2.0	1.0
chr7	77500001	83000000	internal88	2.0	1.0
chr7	77500001	83000000	internal70	2.0	1.0
chr7	77500001	83000000	A96123A-R24-C53	2.0	1.0
chr7	77500001	83000000	A96123A-R24-C37	2.0	1.0
chr7	77500001	83000000	A96123A-R21-C36	2.0	1.0
chr7	77500001	83000000	A96167B-R37-C09	2.0	1.0
chr7	77500001	83000000	A96167B-R56-C15	2.0	1.0
chr7	83000001	90500000	internal225	2.0	1.0
chr7	83000001	90500000	internal191	2.0	1.0
chr7	83000001	90500000	internal90	1.0	0.0
chr7	83000001	90500000	internal96	2.0	1.0
chr7	83000001	90500000	A96167B-R43-C11	3.0	1.0
chr7	83000001	90500000	internal88	2.0	1.0
chr7	83000001	90500000	internal70	2.0	1.0
chr7	83000001	90500000	A96123A-R24-C53	2.0	1.0
chr7	83000001	90500000	A96123A-R24-C37	2.0	1.0
chr7	83000001	90500000	A96123A-R21-C36	2.0	1.0
chr7	83000001	90500000	A96167B-R37-C09	2.0	1.0
chr7	83000001	90500000	A96167B-R56-C15	2.0	1.0
chr7	90500001	95500000	internal225	2.0	2.0
chr7	90500001	95500000	internal191	2.0	2.0
chr7	90500001	95500000	internal90	1.0	1.0
chr7	90500001	95500000	internal96	3.0	2.0
chr7	90500001	95500000	A96167B-R43-C11	3.0	1.0
chr7	90500001	95500000	internal88	2.0	1.5
chr7	90500001	95500000	internal70	3.0	1.0
chr7	90500001	95500000	A96123A-R24-C53	2.0	1.0
chr7	90500001	95500000	A96123A-R24-C37	3.0	1.0
chr7	90500001	95500000	A96123A-R21-C36	3.0	1.0
chr7	90500001	95500000	A96167B-R37-C09	3.0	1.0
chr7	90500001	95500000	A96167B-R56-C15	2.0	1.0
chr7	95500001	96000000	internal225	2.0	2.0
chr7	95500001	96000000	internal191	2.0	2.0
chr7	95500001	96000000	internal90	1.0	1.0
chr7	95500001	96000000	internal96	2.5	2.5
chr7	95500001	96000000	A96167B-R43-C11	3.0	2.0
chr7	95500001	96000000	internal88	2.0	2.0
chr7	95500001	96000000	internal70	2.0	3.0
chr7	95500001	96000000	A96123A-R24-C53	1.0	3.0
chr7	95500001	96000000	A96123A-R24-C37	3.0	1.0
chr7	95500001	96000000	A96123A-R21-C36	3.0	1.0
chr7	95500001	96000000	A96167B-R37-C09	3.0	1.0
chr7	95500001	96000000	A96167B-R56-C15	1.0	2.0
chr7	96500001	98000000	internal225	3.0	2.0
chr7	96500001	98000000	internal191	2.0	2.0
chr7	96500001	98000000	internal90	1.5	1.0
chr7	96500001	98000000	internal96	2.5	2.5
chr7	96500001	98000000	A96167B-R43-C11	3.0	2.0
chr7	96500001	98000000	internal88	2.0	2.0
chr7	96500001	98000000	internal70	2.0	3.0
chr7	96500001	98000000	A96123A-R24-C53	1.0	3.0
chr7	96500001	98000000	A96123A-R24-C37	3.0	1.0
chr7	96500001	98000000	A96123A-R21-C36	3.0	1.0
chr7	96500001	98000000	A96167B-R37-C09	3.0	1.0
chr7	96500001	98000000	A96167B-R56-C15	1.0	2.0
chr7	98000001	99000000	internal225	3.0	2.0
chr7	98000001	99000000	internal191	2.0	2.0
chr7	98000001	99000000	internal90	1.5	1.0
chr7	98000001	99000000	internal96	2.5	2.0
chr7	98000001	99000000	A96167B-R43-C11	3.0	2.0
chr7	98000001	99000000	internal88	2.5	2.0
chr7	98000001	99000000	internal70	2.0	3.0
chr7	98000001	99000000	A96123A-R24-C53	2.0	2.0
chr7	98000001	99000000	A96123A-R24-C37	3.0	1.0
chr7	98000001	99000000	A96123A-R21-C36	3.0	1.0
chr7	98000001	99000000	A96167B-R37-C09	3.0	1.0
chr7	98000001	99000000	A96167B-R56-C15	1.0	2.0
chr7	100000001	100500000	internal225	2.0	2.0
chr7	100000001	100500000	internal191	2.0	2.0
chr7	100000001	100500000	internal90	1.5	1.0
chr7	100000001	100500000	internal96	2.5	1.5
chr7	100000001	100500000	A96167B-R43-C11	3.0	2.0
chr7	100000001	100500000	internal88	2.0	1.5
chr7	100000001	100500000	internal70	2.0	1.0
chr7	100000001	100500000	A96123A-R24-C53	2.0	2.0
chr7	100000001	100500000	A96123A-R24-C37	2.0	1.0
chr7	100000001	100500000	A96123A-R21-C36	2.0	1.0
chr7	100000001	100500000	A96167B-R37-C09	3.0	1.0
chr7	100000001	100500000	A96167B-R56-C15	1.0	2.0
chr7	101000001	104000000	internal225	2.0	1.0
chr7	101000001	104000000	internal191	1.0	1.0
chr7	101000001	104000000	internal90	1.0	0.0
chr7	101000001	104000000	internal96	2.0	1.0
chr7	101000001	104000000	A96167B-R43-C11	2.0	1.0
chr7	101000001	104000000	internal88	2.0	1.0
chr7	101000001	104000000	internal70	2.0	1.0
chr7	101000001	104000000	A96123A-R24-C53	2.0	1.0
chr7	101000001	104000000	A96123A-R24-C37	2.0	1.0
chr7	101000001	104000000	A96123A-R21-C36	2.0	1.0
chr7	101000001	104000000	A96167B-R37-C09	2.0	1.0
chr7	101000001	104000000	A96167B-R56-C15	2.0	2.0
chr7	104500001	107500000	internal225	2.0	1.0
chr7	104500001	107500000	internal191	1.0	1.0
chr7	104500001	107500000	internal90	1.0	0.0
chr7	104500001	107500000	internal96	2.0	1.0
chr7	104500001	107500000	A96167B-R43-C11	2.0	1.0
chr7	104500001	107500000	internal88	2.0	1.0
chr7	104500001	107500000	internal70	2.0	1.0
chr7	104500001	107500000	A96123A-R24-C53	2.0	1.0
chr7	104500001	107500000	A96123A-R24-C37	2.0	1.0
chr7	104500001	107500000	A96123A-R21-C36	2.0	1.0
chr7	104500001	107500000	A96167B-R37-C09	3.0	1.0
chr7	104500001	107500000	A96167B-R56-C15	1.0	3.0
chr7	107500001	109000000	internal225	2.0	1.0
chr7	107500001	109000000	internal191	1.0	1.0
chr7	107500001	109000000	internal90	1.0	0.0
chr7	107500001	109000000	internal96	2.0	1.0
chr7	107500001	109000000	A96167B-R43-C11	2.0	1.0
chr7	107500001	109000000	internal88	2.0	1.0
chr7	107500001	109000000	internal70	2.0	1.0
chr7	107500001	109000000	A96123A-R24-C53	2.0	1.0
chr7	107500001	109000000	A96123A-R24-C37	2.0	1.0
chr7	107500001	109000000	A96123A-R21-C36	2.0	1.0
chr7	107500001	109000000	A96167B-R37-C09	3.0	1.0
chr7	107500001	109000000	A96167B-R56-C15	1.0	2.0
chr7	109000001	126000000	internal225	3.0	1.0
chr7	109000001	126000000	internal191	3.0	1.0
chr7	109000001	126000000	internal90	2.0	0.0
chr7	109000001	126000000	internal96	3.0	1.0
chr7	109000001	126000000	A96167B-R43-C11	3.0	1.0
chr7	109000001	126000000	internal88	3.0	1.0
chr7	109000001	126000000	internal70	3.0	2.0
chr7	109000001	126000000	A96123A-R24-C53	3.0	1.0
chr7	109000001	126000000	A96123A-R24-C37	3.0	1.0
chr7	109000001	126000000	A96123A-R21-C36	3.0	1.0
chr7	109000001	126000000	A96167B-R37-C09	3.0	1.0
chr7	109000001	126000000	A96167B-R56-C15	1.0	2.0
chr7	126000001	143000000	internal225	3.0	1.0
chr7	126000001	143000000	internal191	3.0	1.0
chr7	126000001	143000000	internal90	2.0	0.0
chr7	126000001	143000000	internal96	3.0	1.0
chr7	126000001	143000000	A96167B-R43-C11	3.0	1.0
chr7	126000001	143000000	internal88	3.0	1.0
chr7	126000001	143000000	internal70	3.0	1.0
chr7	126000001	143000000	A96123A-R24-C53	3.0	1.0
chr7	126000001	143000000	A96123A-R24-C37	3.0	1.0
chr7	126000001	143000000	A96123A-R21-C36	3.0	1.0
chr7	126000001	143000000	A96167B-R37-C09	3.0	1.0
chr7	126000001	143000000	A96167B-R56-C15	1.0	2.0
chr7	144000001	144500000	internal225	3.0	1.0
chr7	144000001	144500000	internal191	3.0	1.0
chr7	144000001	144500000	internal90	2.0	0.0
chr7	144000001	144500000	internal96	3.0	1.0
chr7	144000001	144500000	A96167B-R43-C11	3.0	1.0
chr7	144000001	144500000	internal88	3.0	1.0
chr7	144000001	144500000	internal70	2.0	1.0
chr7	144000001	144500000	A96123A-R24-C53	3.0	1.0
chr7	144000001	144500000	A96123A-R24-C37	3.0	1.0
chr7	144000001	144500000	A96123A-R21-C36	3.0	1.0
chr7	144000001	144500000	A96167B-R37-C09	3.0	1.0
chr7	144000001	144500000	A96167B-R56-C15	1.0	2.0
chr7	144500001	149000000	internal225	3.0	1.0
chr7	144500001	149000000	internal191	3.0	1.0
chr7	144500001	149000000	internal90	2.0	0.0
chr7	144500001	149000000	internal96	3.0	1.0
chr7	144500001	149000000	A96167B-R43-C11	3.0	1.0
chr7	144500001	149000000	internal88	3.0	1.0
chr7	144500001	149000000	internal70	3.0	1.0
chr7	144500001	149000000	A96123A-R24-C53	3.0	1.0
chr7	144500001	149000000	A96123A-R24-C37	3.0	1.0
chr7	144500001	149000000	A96123A-R21-C36	3.0	1.0
chr7	144500001	149000000	A96167B-R37-C09	3.0	1.0
chr7	144500001	149000000	A96167B-R56-C15	2.0	2.0
chr7	149000001	154000000	internal225	3.0	1.0
chr7	149000001	154000000	internal191	3.0	1.0
chr7	149000001	154000000	internal90	2.0	0.0
chr7	149000001	154000000	internal96	3.0	1.0
chr7	149000001	154000000	A96167B-R43-C11	3.0	1.0
chr7	149000001	154000000	internal88	3.0	1.0
chr7	149000001	154000000	internal70	3.0	1.0
chr7	149000001	154000000	A96123A-R24-C53	3.0	1.0
chr7	149000001	154000000	A96123A-R24-C37	3.0	1.0
chr7	149000001	154000000	A96123A-R21-C36	3.0	1.0
chr7	149000001	154000000	A96167B-R37-C09	3.0	1.0
chr7	149000001	154000000	A96167B-R56-C15	1.0	3.0
chr7	154500001	157500000	internal225	3.0	1.0
chr7	154500001	157500000	internal191	3.0	1.0
chr7	154500001	157500000	internal90	2.5	1.0
chr7	154500001	157500000	internal96	3.0	1.0
chr7	154500001	157500000	A96167B-R43-C11	3.0	1.0
chr7	154500001	157500000	internal88	3.0	1.0
chr7	154500001	157500000	internal70	3.0	1.0
chr7	154500001	157500000	A96123A-R24-C53	3.0	1.0
chr7	154500001	157500000	A96123A-R24-C37	3.0	1.0
chr7	154500001	157500000	A96123A-R21-C36	3.0	1.0
chr7	154500001	157500000	A96167B-R37-C09	2.0	1.0
chr7	154500001	157500000	A96167B-R56-C15	1.0	3.0
chr8	3000001	10000000	internal225	2.0	0.0
chr8	3000001	10000000	internal191	2.0	0.0
chr8	3000001	10000000	internal90	2.0	0.0
chr8	3000001	10000000	internal96	2.0	0.0
chr8	3000001	10000000	A96167B-R43-C11	2.0	0.0
chr8	3000001	10000000	internal88	2.0	0.0
chr8	3000001	10000000	internal70	2.0	0.0
chr8	3000001	10000000	A96123A-R24-C53	2.0	0.0
chr8	3000001	10000000	A96123A-R24-C37	2.0	0.0
chr8	3000001	10000000	A96123A-R21-C36	2.0	0.0
chr8	3000001	10000000	A96167B-R37-C09	2.0	0.0
chr8	3000001	10000000	A96167B-R56-C15	0.0	1.0
chr8	10000001	19000000	internal225	2.0	0.0
chr8	10000001	19000000	internal191	2.0	0.0
chr8	10000001	19000000	internal90	2.5	0.0
chr8	10000001	19000000	internal96	2.0	0.0
chr8	10000001	19000000	A96167B-R43-C11	2.0	0.0
chr8	10000001	19000000	internal88	2.0	0.0
chr8	10000001	19000000	internal70	2.0	0.0
chr8	10000001	19000000	A96123A-R24-C53	2.0	0.0
chr8	10000001	19000000	A96123A-R24-C37	2.0	0.0
chr8	10000001	19000000	A96123A-R21-C36	2.0	0.0
chr8	10000001	19000000	A96167B-R37-C09	2.0	0.0
chr8	10000001	19000000	A96167B-R56-C15	0.0	1.0
chr8	19000001	19500000	internal225	2.0	0.0
chr8	19000001	19500000	internal191	2.0	0.0
chr8	19000001	19500000	internal90	2.5	0.0
chr8	19000001	19500000	internal96	2.0	0.0
chr8	19000001	19500000	A96167B-R43-C11	2.0	0.0
chr8	19000001	19500000	internal88	2.0	0.0
chr8	19000001	19500000	internal70	2.0	0.0
chr8	19000001	19500000	A96123A-R24-C53	2.0	0.0
chr8	19000001	19500000	A96123A-R24-C37	2.0	0.0
chr8	19000001	19500000	A96123A-R21-C36	2.0	0.0
chr8	19000001	19500000	A96167B-R37-C09	2.0	0.0
chr8	19000001	19500000	A96167B-R56-C15	0.0	1.0
chr8	19500001	23500000	internal225	2.0	0.0
chr8	19500001	23500000	internal191	2.0	0.0
chr8	19500001	23500000	internal90	2.0	0.0
chr8	19500001	23500000	internal96	2.0	0.0
chr8	19500001	23500000	A96167B-R43-C11	2.0	0.0
chr8	19500001	23500000	internal88	2.0	0.0
chr8	19500001	23500000	internal70	2.0	0.0
chr8	19500001	23500000	A96123A-R24-C53	2.0	0.0
chr8	19500001	23500000	A96123A-R24-C37	2.0	0.0
chr8	19500001	23500000	A96123A-R21-C36	2.0	0.0
chr8	19500001	23500000	A96167B-R37-C09	2.0	0.0
chr8	19500001	23500000	A96167B-R56-C15	0.0	1.0
chr8	23500001	33000000	internal225	2.0	0.0
chr8	23500001	33000000	internal191	2.0	1.0
chr8	23500001	33000000	internal90	2.0	0.0
chr8	23500001	33000000	internal96	2.0	0.0
chr8	23500001	33000000	A96167B-R43-C11	1.0	1.0
chr8	23500001	33000000	internal88	1.0	1.0
chr8	23500001	33000000	internal70	2.0	0.0
chr8	23500001	33000000	A96123A-R24-C53	1.0	1.0
chr8	23500001	33000000	A96123A-R24-C37	1.0	1.0
chr8	23500001	33000000	A96123A-R21-C36	2.0	0.0
chr8	23500001	33000000	A96167B-R37-C09	2.0	0.0
chr8	23500001	33000000	A96167B-R56-C15	1.0	1.0
chr8	33000001	37500000	internal225	2.0	1.0
chr8	33000001	37500000	internal191	2.0	1.0
chr8	33000001	37500000	internal90	2.0	0.5
chr8	33000001	37500000	internal96	2.0	1.0
chr8	33000001	37500000	A96167B-R43-C11	1.0	1.0
chr8	33000001	37500000	internal88	1.5	0.5
chr8	33000001	37500000	internal70	2.0	1.0
chr8	33000001	37500000	A96123A-R24-C53	2.0	1.0
chr8	33000001	37500000	A96123A-R24-C37	1.0	1.0
chr8	33000001	37500000	A96123A-R21-C36	1.0	1.0
chr8	33000001	37500000	A96167B-R37-C09	2.0	1.0
chr8	33000001	37500000	A96167B-R56-C15	1.0	1.0
chr8	37500001	40000000	internal225	2.0	2.0
chr8	37500001	40000000	internal191	2.0	2.0
chr8	37500001	40000000	internal90	2.5	1.5
chr8	37500001	40000000	internal96	3.0	1.0
chr8	37500001	40000000	A96167B-R43-C11	1.0	2.0
chr8	37500001	40000000	internal88	2.0	2.0
chr8	37500001	40000000	internal70	1.0	2.0
chr8	37500001	40000000	A96123A-R24-C53	2.0	2.0
chr8	37500001	40000000	A96123A-R24-C37	1.0	2.0
chr8	37500001	40000000	A96123A-R21-C36	2.0	1.0
chr8	37500001	40000000	A96167B-R37-C09	3.0	1.0
chr8	37500001	40000000	A96167B-R56-C15	1.0	1.0
chr8	51000001	54000000	internal225	2.0	2.0
chr8	51000001	54000000	internal191	2.0	2.0
chr8	51000001	54000000	internal90	2.0	2.0
chr8	51000001	54000000	internal96	2.0	2.0
chr8	51000001	54000000	A96167B-R43-C11	1.0	2.0
chr8	51000001	54000000	internal88	2.0	2.0
chr8	51000001	54000000	internal70	2.0	2.0
chr8	51000001	54000000	A96123A-R24-C53	2.0	2.0
chr8	51000001	54000000	A96123A-R24-C37	1.0	2.0
chr8	51000001	54000000	A96123A-R21-C36	3.0	1.0
chr8	51000001	54000000	A96167B-R37-C09	3.0	1.0
chr8	51000001	54000000	A96167B-R56-C15	1.0	3.0
chr8	54000001	66000000	internal225	2.0	2.0
chr8	54000001	66000000	internal191	2.0	2.0
chr8	54000001	66000000	internal90	2.0	2.0
chr8	54000001	66000000	internal96	2.0	2.0
chr8	54000001	66000000	A96167B-R43-C11	1.0	2.0
chr8	54000001	66000000	internal88	2.0	2.0
chr8	54000001	66000000	internal70	2.0	2.0
chr8	54000001	66000000	A96123A-R24-C53	2.0	2.0
chr8	54000001	66000000	A96123A-R24-C37	1.0	2.0
chr8	54000001	66000000	A96123A-R21-C36	2.0	2.0
chr8	54000001	66000000	A96167B-R37-C09	2.0	2.0
chr8	54000001	66000000	A96167B-R56-C15	1.0	3.0
chr8	66000001	71500000	internal225	2.0	1.0
chr8	66000001	71500000	internal191	1.0	1.0
chr8	66000001	71500000	internal90	2.0	1.0
chr8	66000001	71500000	internal96	2.0	1.0
chr8	66000001	71500000	A96167B-R43-C11	2.0	1.0
chr8	66000001	71500000	internal88	2.0	1.5
chr8	66000001	71500000	internal70	2.0	1.0
chr8	66000001	71500000	A96123A-R24-C53	2.0	1.0
chr8	66000001	71500000	A96123A-R24-C37	2.0	1.0
chr8	66000001	71500000	A96123A-R21-C36	2.0	1.0
chr8	66000001	71500000	A96167B-R37-C09	2.0	2.0
chr8	66000001	71500000	A96167B-R56-C15	2.0	2.0
chr8	72000001	74500000	internal225	2.0	1.0
chr8	72000001	74500000	internal191	1.0	1.0
chr8	72000001	74500000	internal90	2.0	1.0
chr8	72000001	74500000	internal96	2.0	1.0
chr8	72000001	74500000	A96167B-R43-C11	1.0	1.0
chr8	72000001	74500000	internal88	2.0	1.0
chr8	72000001	74500000	internal70	2.0	1.0
chr8	72000001	74500000	A96123A-R24-C53	2.0	1.0
chr8	72000001	74500000	A96123A-R24-C37	2.0	1.0
chr8	72000001	74500000	A96123A-R21-C36	2.0	1.0
chr8	72000001	74500000	A96167B-R37-C09	2.0	1.0
chr8	72000001	74500000	A96167B-R56-C15	2.0	2.0
chr8	74500001	77000000	internal225	3.0	1.0
chr8	74500001	77000000	internal191	2.0	1.0
chr8	74500001	77000000	internal90	3.0	1.0
chr8	74500001	77000000	internal96	2.0	1.0
chr8	74500001	77000000	A96167B-R43-C11	2.0	1.0
chr8	74500001	77000000	internal88	2.0	1.0
chr8	74500001	77000000	internal70	2.0	1.0
chr8	74500001	77000000	A96123A-R24-C53	2.0	1.0
chr8	74500001	77000000	A96123A-R24-C37	3.0	1.0
chr8	74500001	77000000	A96123A-R21-C36	2.0	1.0
chr8	74500001	77000000	A96167B-R37-C09	2.0	1.0
chr8	74500001	77000000	A96167B-R56-C15	4.0	0.0
chr8	77000001	78000000	internal225	2.0	1.0
chr8	77000001	78000000	internal191	2.0	1.0
chr8	77000001	78000000	internal90	2.0	1.0
chr8	77000001	78000000	internal96	2.0	1.0
chr8	77000001	78000000	A96167B-R43-C11	2.0	0.0
chr8	77000001	78000000	internal88	2.0	1.0
chr8	77000001	78000000	internal70	2.0	1.0
chr8	77000001	78000000	A96123A-R24-C53	2.0	1.0
chr8	77000001	78000000	A96123A-R24-C37	3.0	1.0
chr8	77000001	78000000	A96123A-R21-C36	2.0	1.0
chr8	77000001	78000000	A96167B-R37-C09	2.0	1.0
chr8	77000001	78000000	A96167B-R56-C15	3.0	0.0
chr8	78000001	83500000	internal225	2.0	1.0
chr8	78000001	83500000	internal191	2.0	1.0
chr8	78000001	83500000	internal90	2.0	1.0
chr8	78000001	83500000	internal96	2.0	1.0
chr8	78000001	83500000	A96167B-R43-C11	2.0	0.0
chr8	78000001	83500000	internal88	2.0	1.0
chr8	78000001	83500000	internal70	2.0	1.0
chr8	78000001	83500000	A96123A-R24-C53	2.0	1.0
chr8	78000001	83500000	A96123A-R24-C37	2.0	2.0
chr8	78000001	83500000	A96123A-R21-C36	2.0	1.0
chr8	78000001	83500000	A96167B-R37-C09	2.0	1.0
chr8	78000001	83500000	A96167B-R56-C15	2.0	1.0
chr8	83500001	84000000	internal225	2.0	1.0
chr8	83500001	84000000	internal191	2.0	1.0
chr8	83500001	84000000	internal90	2.0	1.0
chr8	83500001	84000000	internal96	2.0	1.0
chr8	83500001	84000000	A96167B-R43-C11	2.0	0.0
chr8	83500001	84000000	internal88	2.0	1.0
chr8	83500001	84000000	internal70	2.0	1.0
chr8	83500001	84000000	A96123A-R24-C53	2.0	1.0
chr8	83500001	84000000	A96123A-R24-C37	1.0	2.0
chr8	83500001	84000000	A96123A-R21-C36	2.0	1.0
chr8	83500001	84000000	A96167B-R37-C09	1.0	2.0
chr8	83500001	84000000	A96167B-R56-C15	2.0	1.0
chr8	84000001	87500000	internal225	2.0	1.0
chr8	84000001	87500000	internal191	2.0	1.0
chr8	84000001	87500000	internal90	2.0	1.0
chr8	84000001	87500000	internal96	2.0	1.0
chr8	84000001	87500000	A96167B-R43-C11	2.0	0.0
chr8	84000001	87500000	internal88	2.0	1.0
chr8	84000001	87500000	internal70	2.0	1.0
chr8	84000001	87500000	A96123A-R24-C53	2.0	1.0
chr8	84000001	87500000	A96123A-R24-C37	2.0	1.0
chr8	84000001	87500000	A96123A-R21-C36	2.0	1.0
chr8	84000001	87500000	A96167B-R37-C09	1.0	2.0
chr8	84000001	87500000	A96167B-R56-C15	2.0	1.0
chr8	87500001	88000000	internal225	2.0	1.0
chr8	87500001	88000000	internal191	2.0	1.0
chr8	87500001	88000000	internal90	2.0	1.0
chr8	87500001	88000000	internal96	2.0	1.0
chr8	87500001	88000000	A96167B-R43-C11	2.0	0.0
chr8	87500001	88000000	internal88	2.0	1.0
chr8	87500001	88000000	internal70	2.0	1.0
chr8	87500001	88000000	A96123A-R24-C53	2.0	1.0
chr8	87500001	88000000	A96123A-R24-C37	2.0	1.0
chr8	87500001	88000000	A96123A-R21-C36	2.0	1.0
chr8	87500001	88000000	A96167B-R37-C09	1.0	2.0
chr8	87500001	88000000	A96167B-R56-C15	3.0	1.0
chr8	88500001	89000000	internal225	2.0	1.0
chr8	88500001	89000000	internal191	2.0	1.0
chr8	88500001	89000000	internal90	2.0	1.0
chr8	88500001	89000000	internal96	2.0	1.0
chr8	88500001	89000000	A96167B-R43-C11	2.0	0.0
chr8	88500001	89000000	internal88	2.0	1.0
chr8	88500001	89000000	internal70	2.0	1.0
chr8	88500001	89000000	A96123A-R24-C53	2.0	1.0
chr8	88500001	89000000	A96123A-R24-C37	2.0	1.0
chr8	88500001	89000000	A96123A-R21-C36	2.0	1.0
chr8	88500001	89000000	A96167B-R37-C09	1.0	2.0
chr8	88500001	89000000	A96167B-R56-C15	3.0	1.0
chr8	90000001	99500000	internal225	2.0	1.0
chr8	90000001	99500000	internal191	2.0	1.0
chr8	90000001	99500000	internal90	1.5	1.5
chr8	90000001	99500000	internal96	2.0	1.0
chr8	90000001	99500000	A96167B-R43-C11	2.0	0.0
chr8	90000001	99500000	internal88	2.0	2.0
chr8	90000001	99500000	internal70	2.0	1.0
chr8	90000001	99500000	A96123A-R24-C53	2.0	1.0
chr8	90000001	99500000	A96123A-R24-C37	2.0	2.0
chr8	90000001	99500000	A96123A-R21-C36	2.0	2.0
chr8	90000001	99500000	A96167B-R37-C09	1.0	2.0
chr8	90000001	99500000	A96167B-R56-C15	3.0	1.0
chr8	100000001	105500000	internal225	3.0	2.0
chr8	100000001	105500000	internal191	2.0	2.0
chr8	100000001	105500000	internal90	2.5	1.0
chr8	100000001	105500000	internal96	2.0	2.0
chr8	100000001	105500000	A96167B-R43-C11	1.0	2.0
chr8	100000001	105500000	internal88	3.0	2.0
chr8	100000001	105500000	internal70	2.0	1.0
chr8	100000001	105500000	A96123A-R24-C53	2.0	2.0
chr8	100000001	105500000	A96123A-R24-C37	2.0	2.0
chr8	100000001	105500000	A96123A-R21-C36	5.0	1.0
chr8	100000001	105500000	A96167B-R37-C09	2.0	2.0
chr8	100000001	105500000	A96167B-R56-C15	1.0	3.0
chr8	106000001	108500000	internal225	2.0	3.0
chr8	106000001	108500000	internal191	2.0	3.0
chr8	106000001	108500000	internal90	3.0	1.0
chr8	106000001	108500000	internal96	2.5	3.5
chr8	106000001	108500000	A96167B-R43-C11	2.0	2.0
chr8	106000001	108500000	internal88	4.5	2.0
chr8	106000001	108500000	internal70	4.0	3.0
chr8	106000001	108500000	A96123A-R24-C53	2.0	4.0
chr8	106000001	108500000	A96123A-R24-C37	2.0	2.0
chr8	106000001	108500000	A96123A-R21-C36	3.0	3.0
chr8	106000001	108500000	A96167B-R37-C09	3.0	2.0
chr8	106000001	108500000	A96167B-R56-C15	1.0	3.0
chr8	108500001	109000000	internal225	3.0	3.0
chr8	108500001	109000000	internal191	2.0	3.0
chr8	108500001	109000000	internal90	3.0	2.0
chr8	108500001	109000000	internal96	3.0	3.0
chr8	108500001	109000000	A96167B-R43-C11	2.0	2.0
chr8	108500001	109000000	internal88	3.0	2.0
chr8	108500001	109000000	internal70	4.0	3.0
chr8	108500001	109000000	A96123A-R24-C53	2.0	4.0
chr8	108500001	109000000	A96123A-R24-C37	4.0	2.0
chr8	108500001	109000000	A96123A-R21-C36	2.0	4.0
chr8	108500001	109000000	A96167B-R37-C09	5.0	2.0
chr8	108500001	109000000	A96167B-R56-C15	1.0	3.0
chr8	109000001	109500000	internal225	4.0	3.0
chr8	109000001	109500000	internal191	3.0	3.0
chr8	109000001	109500000	internal90	3.0	3.0
chr8	109000001	109500000	internal96	3.5	3.0
chr8	109000001	109500000	A96167B-R43-C11	2.0	5.0
chr8	109000001	109500000	internal88	3.0	2.5
chr8	109000001	109500000	internal70	3.0	3.0
chr8	109000001	109500000	A96123A-R24-C53	4.0	2.0
chr8	109000001	109500000	A96123A-R24-C37	4.0	2.0
chr8	109000001	109500000	A96123A-R21-C36	2.0	4.0
chr8	109000001	109500000	A96167B-R37-C09	5.0	2.0
chr8	109000001	109500000	A96167B-R56-C15	1.0	3.0
chr8	109500001	110000000	internal225	4.0	3.0
chr8	109500001	110000000	internal191	3.0	3.0
chr8	109500001	110000000	internal90	3.0	3.0
chr8	109500001	110000000	internal96	3.5	3.0
chr8	109500001	110000000	A96167B-R43-C11	2.0	5.0
chr8	109500001	110000000	internal88	3.5	2.0
chr8	109500001	110000000	internal70	3.0	3.0
chr8	109500001	110000000	A96123A-R24-C53	4.0	2.0
chr8	109500001	110000000	A96123A-R24-C37	4.0	2.0
chr8	109500001	110000000	A96123A-R21-C36	2.0	4.0
chr8	109500001	110000000	A96167B-R37-C09	5.0	2.0
chr8	109500001	110000000	A96167B-R56-C15	1.0	3.0
chr8	110000001	111000000	internal225	4.0	3.0
chr8	110000001	111000000	internal191	3.0	3.0
chr8	110000001	111000000	internal90	3.0	3.0
chr8	110000001	111000000	internal96	3.5	3.0
chr8	110000001	111000000	A96167B-R43-C11	2.0	5.0
chr8	110000001	111000000	internal88	3.5	2.0
chr8	110000001	111000000	internal70	3.0	3.0
chr8	110000001	111000000	A96123A-R24-C53	4.0	2.0
chr8	110000001	111000000	A96123A-R24-C37	4.0	2.0
chr8	110000001	111000000	A96123A-R21-C36	3.0	3.0
chr8	110000001	111000000	A96167B-R37-C09	5.0	2.0
chr8	110000001	111000000	A96167B-R56-C15	1.0	3.0
chr8	111000001	112500000	internal225	4.0	3.0
chr8	111000001	112500000	internal191	3.0	3.0
chr8	111000001	112500000	internal90	2.5	3.5
chr8	111000001	112500000	internal96	3.5	3.0
chr8	111000001	112500000	A96167B-R43-C11	2.0	5.0
chr8	111000001	112500000	internal88	3.0	2.5
chr8	111000001	112500000	internal70	3.0	3.0
chr8	111000001	112500000	A96123A-R24-C53	3.0	3.0
chr8	111000001	112500000	A96123A-R24-C37	4.0	2.0
chr8	111000001	112500000	A96123A-R21-C36	3.0	3.0
chr8	111000001	112500000	A96167B-R37-C09	5.0	2.0
chr8	111000001	112500000	A96167B-R56-C15	1.0	3.0
chr8	112500001	113500000	internal225	4.0	3.0
chr8	112500001	113500000	internal191	3.0	3.0
chr8	112500001	113500000	internal90	3.0	3.0
chr8	112500001	113500000	internal96	3.5	3.0
chr8	112500001	113500000	A96167B-R43-C11	2.0	5.0
chr8	112500001	113500000	internal88	3.0	2.5
chr8	112500001	113500000	internal70	3.0	3.0
chr8	112500001	113500000	A96123A-R24-C53	3.0	3.0
chr8	112500001	113500000	A96123A-R24-C37	4.0	2.0
chr8	112500001	113500000	A96123A-R21-C36	3.0	3.0
chr8	112500001	113500000	A96167B-R37-C09	5.0	2.0
chr8	112500001	113500000	A96167B-R56-C15	1.0	3.0
chr8	113500001	114500000	internal225	4.0	3.0
chr8	113500001	114500000	internal191	3.0	2.0
chr8	113500001	114500000	internal90	2.0	3.0
chr8	113500001	114500000	internal96	2.5	3.0
chr8	113500001	114500000	A96167B-R43-C11	3.0	2.0
chr8	113500001	114500000	internal88	3.0	2.0
chr8	113500001	114500000	internal70	2.0	3.0
chr8	113500001	114500000	A96123A-R24-C53	3.0	3.0
chr8	113500001	114500000	A96123A-R24-C37	4.0	2.0
chr8	113500001	114500000	A96123A-R21-C36	3.0	3.0
chr8	113500001	114500000	A96167B-R37-C09	5.0	2.0
chr8	113500001	114500000	A96167B-R56-C15	1.0	3.0
chr8	116000001	118000000	internal225	2.0	3.0
chr8	116000001	118000000	internal191	2.0	2.0
chr8	116000001	118000000	internal90	2.5	2.0
chr8	116000001	118000000	internal96	2.0	2.5
chr8	116000001	118000000	A96167B-R43-C11	3.0	2.0
chr8	116000001	118000000	internal88	3.0	2.0
chr8	116000001	118000000	internal70	2.0	3.0
chr8	116000001	118000000	A96123A-R24-C53	2.0	3.0
chr8	116000001	118000000	A96123A-R24-C37	4.0	2.0
chr8	116000001	118000000	A96123A-R21-C36	3.0	3.0
chr8	116000001	118000000	A96167B-R37-C09	3.0	2.0
chr8	116000001	118000000	A96167B-R56-C15	1.0	3.0
chr8	118000001	118500000	internal225	2.0	3.0
chr8	118000001	118500000	internal191	2.0	2.0
chr8	118000001	118500000	internal90	2.5	2.0
chr8	118000001	118500000	internal96	2.0	2.5
chr8	118000001	118500000	A96167B-R43-C11	3.0	2.0
chr8	118000001	118500000	internal88	3.0	2.0
chr8	118000001	118500000	internal70	2.0	3.0
chr8	118000001	118500000	A96123A-R24-C53	2.0	3.0
chr8	118000001	118500000	A96123A-R24-C37	4.0	2.0
chr8	118000001	118500000	A96123A-R21-C36	3.0	3.0
chr8	118000001	118500000	A96167B-R37-C09	3.0	2.0
chr8	118000001	118500000	A96167B-R56-C15	1.0	3.0
chr8	118500001	120000000	internal225	2.0	3.0
chr8	118500001	120000000	internal191	2.0	2.0
chr8	118500001	120000000	internal90	2.5	2.0
chr8	118500001	120000000	internal96	2.0	2.5
chr8	118500001	120000000	A96167B-R43-C11	3.0	2.0
chr8	118500001	120000000	internal88	3.0	2.0
chr8	118500001	120000000	internal70	2.0	3.0
chr8	118500001	120000000	A96123A-R24-C53	2.0	3.0
chr8	118500001	120000000	A96123A-R24-C37	4.0	2.0
chr8	118500001	120000000	A96123A-R21-C36	3.0	3.0
chr8	118500001	120000000	A96167B-R37-C09	3.0	2.0
chr8	118500001	120000000	A96167B-R56-C15	1.0	3.0
chr8	120500001	121000000	internal225	2.0	3.0
chr8	120500001	121000000	internal191	2.0	2.0
chr8	120500001	121000000	internal90	2.5	2.0
chr8	120500001	121000000	internal96	2.0	2.5
chr8	120500001	121000000	A96167B-R43-C11	2.0	3.0
chr8	120500001	121000000	internal88	3.0	2.0
chr8	120500001	121000000	internal70	2.0	3.0
chr8	120500001	121000000	A96123A-R24-C53	2.0	3.0
chr8	120500001	121000000	A96123A-R24-C37	4.0	2.0
chr8	120500001	121000000	A96123A-R21-C36	3.0	3.0
chr8	120500001	121000000	A96167B-R37-C09	2.0	2.0
chr8	120500001	121000000	A96167B-R56-C15	1.0	3.0
chr8	121000001	122000000	internal225	2.0	3.0
chr8	121000001	122000000	internal191	2.0	2.0
chr8	121000001	122000000	internal90	2.5	2.0
chr8	121000001	122000000	internal96	2.0	2.5
chr8	121000001	122000000	A96167B-R43-C11	2.0	3.0
chr8	121000001	122000000	internal88	3.0	2.0
chr8	121000001	122000000	internal70	2.0	3.0
chr8	121000001	122000000	A96123A-R24-C53	2.0	3.0
chr8	121000001	122000000	A96123A-R24-C37	4.0	2.0
chr8	121000001	122000000	A96123A-R21-C36	2.0	4.0
chr8	121000001	122000000	A96167B-R37-C09	2.0	2.0
chr8	121000001	122000000	A96167B-R56-C15	1.0	3.0
chr8	122500001	123000000	internal225	2.0	3.0
chr8	122500001	123000000	internal191	2.0	2.0
chr8	122500001	123000000	internal90	2.5	2.0
chr8	122500001	123000000	internal96	2.0	2.5
chr8	122500001	123000000	A96167B-R43-C11	2.0	3.0
chr8	122500001	123000000	internal88	3.0	2.0
chr8	122500001	123000000	internal70	2.0	3.0
chr8	122500001	123000000	A96123A-R24-C53	2.0	3.0
chr8	122500001	123000000	A96123A-R24-C37	4.0	2.0
chr8	122500001	123000000	A96123A-R21-C36	2.0	4.0
chr8	122500001	123000000	A96167B-R37-C09	2.0	2.0
chr8	122500001	123000000	A96167B-R56-C15	1.0	3.0
chr8	123500001	124500000	internal225	2.0	3.0
chr8	123500001	124500000	internal191	2.0	2.0
chr8	123500001	124500000	internal90	2.5	2.0
chr8	123500001	124500000	internal96	2.0	2.5
chr8	123500001	124500000	A96167B-R43-C11	2.0	3.0
chr8	123500001	124500000	internal88	3.0	2.0
chr8	123500001	124500000	internal70	2.0	3.0
chr8	123500001	124500000	A96123A-R24-C53	2.0	3.0
chr8	123500001	124500000	A96123A-R24-C37	4.0	2.0
chr8	123500001	124500000	A96123A-R21-C36	2.0	4.0
chr8	123500001	124500000	A96167B-R37-C09	2.0	2.0
chr8	123500001	124500000	A96167B-R56-C15	1.0	3.0
chr8	124500001	128000000	internal225	2.0	3.0
chr8	124500001	128000000	internal191	2.0	3.0
chr8	124500001	128000000	internal90	2.5	2.0
chr8	124500001	128000000	internal96	2.0	2.5
chr8	124500001	128000000	A96167B-R43-C11	2.0	3.0
chr8	124500001	128000000	internal88	2.5	2.5
chr8	124500001	128000000	internal70	2.0	3.0
chr8	124500001	128000000	A96123A-R24-C53	2.0	3.0
chr8	124500001	128000000	A96123A-R24-C37	3.0	3.0
chr8	124500001	128000000	A96123A-R21-C36	2.0	4.0
chr8	124500001	128000000	A96167B-R37-C09	2.0	2.0
chr8	124500001	128000000	A96167B-R56-C15	1.0	3.0
chr8	128500001	131000000	internal225	2.0	3.0
chr8	128500001	131000000	internal191	2.0	3.0
chr8	128500001	131000000	internal90	2.5	2.0
chr8	128500001	131000000	internal96	1.5	2.5
chr8	128500001	131000000	A96167B-R43-C11	1.0	3.0
chr8	128500001	131000000	internal88	3.0	2.5
chr8	128500001	131000000	internal70	2.0	3.0
chr8	128500001	131000000	A96123A-R24-C53	2.0	3.0
chr8	128500001	131000000	A96123A-R24-C37	3.0	3.0
chr8	128500001	131000000	A96123A-R21-C36	3.0	3.0
chr8	128500001	131000000	A96167B-R37-C09	2.0	2.0
chr8	128500001	131000000	A96167B-R56-C15	1.0	3.0
chr8	131000001	132500000	internal225	2.0	3.0
chr8	131000001	132500000	internal191	2.0	3.0
chr8	131000001	132500000	internal90	2.5	2.0
chr8	131000001	132500000	internal96	1.5	2.5
chr8	131000001	132500000	A96167B-R43-C11	1.0	3.0
chr8	131000001	132500000	internal88	2.5	2.5
chr8	131000001	132500000	internal70	1.0	3.0
chr8	131000001	132500000	A96123A-R24-C53	2.0	3.0
chr8	131000001	132500000	A96123A-R24-C37	3.0	3.0
chr8	131000001	132500000	A96123A-R21-C36	3.0	3.0
chr8	131000001	132500000	A96167B-R37-C09	2.0	2.0
chr8	131000001	132500000	A96167B-R56-C15	1.0	3.0
chr8	133000001	135000000	internal225	2.0	2.0
chr8	133000001	135000000	internal191	2.0	2.0
chr8	133000001	135000000	internal90	2.5	2.0
chr8	133000001	135000000	internal96	2.0	1.5
chr8	133000001	135000000	A96167B-R43-C11	1.0	3.0
chr8	133000001	135000000	internal88	2.0	2.0
chr8	133000001	135000000	internal70	1.0	3.0
chr8	133000001	135000000	A96123A-R24-C53	2.0	2.0
chr8	133000001	135000000	A96123A-R24-C37	2.0	4.0
chr8	133000001	135000000	A96123A-R21-C36	2.0	3.0
chr8	133000001	135000000	A96167B-R37-C09	2.0	2.0
chr8	133000001	135000000	A96167B-R56-C15	1.0	3.0
chr8	135500001	136500000	internal225	2.0	2.0
chr8	135500001	136500000	internal191	2.0	2.0
chr8	135500001	136500000	internal90	2.0	2.0
chr8	135500001	136500000	internal96	2.0	1.5
chr8	135500001	136500000	A96167B-R43-C11	1.0	3.0
chr8	135500001	136500000	internal88	2.0	2.0
chr8	135500001	136500000	internal70	1.0	3.0
chr8	135500001	136500000	A96123A-R24-C53	2.0	2.0
chr8	135500001	136500000	A96123A-R24-C37	1.0	3.0
chr8	135500001	136500000	A96123A-R21-C36	1.0	3.0
chr8	135500001	136500000	A96167B-R37-C09	2.0	2.0
chr8	135500001	136500000	A96167B-R56-C15	1.0	3.0
chr8	137500001	138000000	internal225	2.0	2.0
chr8	137500001	138000000	internal191	2.0	2.0
chr8	137500001	138000000	internal90	2.0	2.0
chr8	137500001	138000000	internal96	2.0	1.5
chr8	137500001	138000000	A96167B-R43-C11	1.0	3.0
chr8	137500001	138000000	internal88	2.0	2.0
chr8	137500001	138000000	internal70	2.0	2.0
chr8	137500001	138000000	A96123A-R24-C53	2.0	2.0
chr8	137500001	138000000	A96123A-R24-C37	1.0	3.0
chr8	137500001	138000000	A96123A-R21-C36	1.0	3.0
chr8	137500001	138000000	A96167B-R37-C09	2.0	2.0
chr8	137500001	138000000	A96167B-R56-C15	1.0	3.0
chr8	138000001	139000000	internal225	2.0	2.0
chr8	138000001	139000000	internal191	2.0	2.0
chr8	138000001	139000000	internal90	2.0	2.0
chr8	138000001	139000000	internal96	2.0	1.5
chr8	138000001	139000000	A96167B-R43-C11	1.0	3.0
chr8	138000001	139000000	internal88	2.0	2.0
chr8	138000001	139000000	internal70	2.0	2.0
chr8	138000001	139000000	A96123A-R24-C53	2.0	2.0
chr8	138000001	139000000	A96123A-R24-C37	1.0	3.0
chr8	138000001	139000000	A96123A-R21-C36	1.0	3.0
chr8	138000001	139000000	A96167B-R37-C09	2.0	2.0
chr8	138000001	139000000	A96167B-R56-C15	1.0	3.0
chr8	139000001	139500000	internal225	2.0	2.0
chr8	139000001	139500000	internal191	2.0	2.5
chr8	139000001	139500000	internal90	2.0	2.0
chr8	139000001	139500000	internal96	2.0	1.5
chr8	139000001	139500000	A96167B-R43-C11	1.0	3.0
chr8	139000001	139500000	internal88	2.0	2.0
chr8	139000001	139500000	internal70	2.0	2.0
chr8	139000001	139500000	A96123A-R24-C53	2.0	2.0
chr8	139000001	139500000	A96123A-R24-C37	1.0	3.0
chr8	139000001	139500000	A96123A-R21-C36	1.0	3.0
chr8	139000001	139500000	A96167B-R37-C09	2.0	2.0
chr8	139000001	139500000	A96167B-R56-C15	1.0	3.0
chr8	139500001	144500000	internal225	2.0	2.0
chr8	139500001	144500000	internal191	2.0	2.5
chr8	139500001	144500000	internal90	2.0	2.0
chr8	139500001	144500000	internal96	2.5	1.5
chr8	139500001	144500000	A96167B-R43-C11	2.0	3.0
chr8	139500001	144500000	internal88	2.0	2.0
chr8	139500001	144500000	internal70	2.0	2.0
chr8	139500001	144500000	A96123A-R24-C53	2.0	2.0
chr8	139500001	144500000	A96123A-R24-C37	1.0	3.0
chr8	139500001	144500000	A96123A-R21-C36	2.0	2.0
chr8	139500001	144500000	A96167B-R37-C09	2.0	2.0
chr8	139500001	144500000	A96167B-R56-C15	1.0	3.0
chr9	2000001	13500000	internal225	1.0	0.0
chr9	2000001	13500000	internal191	1.0	0.0
chr9	2000001	13500000	internal90	1.0	0.0
chr9	2000001	13500000	internal96	1.0	0.0
chr9	2000001	13500000	A96167B-R43-C11	1.0	0.0
chr9	2000001	13500000	internal88	1.0	0.0
chr9	2000001	13500000	internal70	1.0	0.0
chr9	2000001	13500000	A96123A-R24-C53	1.0	0.0
chr9	2000001	13500000	A96123A-R24-C37	1.0	0.0
chr9	2000001	13500000	A96123A-R21-C36	1.0	0.0
chr9	2000001	13500000	A96167B-R37-C09	1.0	0.0
chr9	2000001	13500000	A96167B-R56-C15	4.0	0.0
chr9	13500001	17500000	internal225	1.0	0.0
chr9	13500001	17500000	internal191	1.0	0.0
chr9	13500001	17500000	internal90	1.0	0.0
chr9	13500001	17500000	internal96	1.0	0.0
chr9	13500001	17500000	A96167B-R43-C11	2.0	0.0
chr9	13500001	17500000	internal88	1.0	0.0
chr9	13500001	17500000	internal70	1.0	0.0
chr9	13500001	17500000	A96123A-R24-C53	1.0	0.0
chr9	13500001	17500000	A96123A-R24-C37	1.0	0.0
chr9	13500001	17500000	A96123A-R21-C36	1.0	0.0
chr9	13500001	17500000	A96167B-R37-C09	1.0	0.0
chr9	13500001	17500000	A96167B-R56-C15	3.0	0.0
chr9	18000001	31500000	internal225	1.0	0.0
chr9	18000001	31500000	internal191	1.0	0.0
chr9	18000001	31500000	internal90	1.0	0.0
chr9	18000001	31500000	internal96	1.0	0.0
chr9	18000001	31500000	A96167B-R43-C11	2.0	0.0
chr9	18000001	31500000	internal88	1.0	0.0
chr9	18000001	31500000	internal70	1.0	0.0
chr9	18000001	31500000	A96123A-R24-C53	1.0	0.0
chr9	18000001	31500000	A96123A-R24-C37	1.0	0.0
chr9	18000001	31500000	A96123A-R21-C36	1.0	0.0
chr9	18000001	31500000	A96167B-R37-C09	1.0	0.0
chr9	18000001	31500000	A96167B-R56-C15	2.0	1.0
chr9	31500001	35500000	internal225	2.0	0.0
chr9	31500001	35500000	internal191	2.0	0.0
chr9	31500001	35500000	internal90	2.0	0.0
chr9	31500001	35500000	internal96	2.0	0.0
chr9	31500001	35500000	A96167B-R43-C11	3.0	0.0
chr9	31500001	35500000	internal88	2.0	0.0
chr9	31500001	35500000	internal70	2.0	0.0
chr9	31500001	35500000	A96123A-R24-C53	2.0	0.0
chr9	31500001	35500000	A96123A-R24-C37	2.0	0.0
chr9	31500001	35500000	A96123A-R21-C36	2.0	0.0
chr9	31500001	35500000	A96167B-R37-C09	2.0	0.0
chr9	31500001	35500000	A96167B-R56-C15	2.0	2.0
chr9	74000001	81000000	internal225	2.0	0.0
chr9	74000001	81000000	internal191	2.0	0.0
chr9	74000001	81000000	internal90	2.0	0.0
chr9	74000001	81000000	internal96	2.0	0.0
chr9	74000001	81000000	A96167B-R43-C11	3.0	0.0
chr9	74000001	81000000	internal88	2.0	0.0
chr9	74000001	81000000	internal70	2.0	0.0
chr9	74000001	81000000	A96123A-R24-C53	2.0	0.0
chr9	74000001	81000000	A96123A-R24-C37	2.0	0.0
chr9	74000001	81000000	A96123A-R21-C36	2.0	0.0
chr9	74000001	81000000	A96167B-R37-C09	2.0	0.0
chr9	74000001	81000000	A96167B-R56-C15	0.0	2.0
chr9	81000001	82000000	internal225	2.0	0.0
chr9	81000001	82000000	internal191	2.0	0.0
chr9	81000001	82000000	internal90	2.0	0.0
chr9	81000001	82000000	internal96	2.0	0.0
chr9	81000001	82000000	A96167B-R43-C11	3.0	0.0
chr9	81000001	82000000	internal88	2.0	0.0
chr9	81000001	82000000	internal70	2.0	0.0
chr9	81000001	82000000	A96123A-R24-C53	2.0	0.0
chr9	81000001	82000000	A96123A-R24-C37	2.0	0.0
chr9	81000001	82000000	A96123A-R21-C36	2.0	0.0
chr9	81000001	82000000	A96167B-R37-C09	2.0	0.0
chr9	81000001	82000000	A96167B-R56-C15	0.0	2.0
chr9	82500001	90500000	internal225	2.0	0.0
chr9	82500001	90500000	internal191	2.0	0.0
chr9	82500001	90500000	internal90	2.0	0.0
chr9	82500001	90500000	internal96	2.0	0.0
chr9	82500001	90500000	A96167B-R43-C11	3.0	0.0
chr9	82500001	90500000	internal88	2.0	0.0
chr9	82500001	90500000	internal70	2.0	0.0
chr9	82500001	90500000	A96123A-R24-C53	2.0	0.0
chr9	82500001	90500000	A96123A-R24-C37	2.0	0.0
chr9	82500001	90500000	A96123A-R21-C36	2.0	0.0
chr9	82500001	90500000	A96167B-R37-C09	2.0	0.0
chr9	82500001	90500000	A96167B-R56-C15	0.0	2.0
chr9	91000001	92000000	internal225	2.0	1.0
chr9	91000001	92000000	internal191	2.0	0.0
chr9	91000001	92000000	internal90	2.0	1.0
chr9	91000001	92000000	internal96	2.0	1.0
chr9	91000001	92000000	A96167B-R43-C11	2.0	1.0
chr9	91000001	92000000	internal88	2.0	1.0
chr9	91000001	92000000	internal70	2.0	1.0
chr9	91000001	92000000	A96123A-R24-C53	2.0	1.0
chr9	91000001	92000000	A96123A-R24-C37	2.0	1.0
chr9	91000001	92000000	A96123A-R21-C36	2.0	1.0
chr9	91000001	92000000	A96167B-R37-C09	2.0	0.0
chr9	91000001	92000000	A96167B-R56-C15	0.0	2.0
chr9	93000001	104500000	internal225	2.0	1.0
chr9	93000001	104500000	internal191	2.0	1.0
chr9	93000001	104500000	internal90	2.0	1.0
chr9	93000001	104500000	internal96	2.0	1.0
chr9	93000001	104500000	A96167B-R43-C11	2.0	1.0
chr9	93000001	104500000	internal88	2.0	1.0
chr9	93000001	104500000	internal70	2.0	1.0
chr9	93000001	104500000	A96123A-R24-C53	2.0	1.0
chr9	93000001	104500000	A96123A-R24-C37	2.0	1.0
chr9	93000001	104500000	A96123A-R21-C36	2.0	1.0
chr9	93000001	104500000	A96167B-R37-C09	1.0	1.0
chr9	93000001	104500000	A96167B-R56-C15	0.0	2.0
chr9	105000001	113000000	internal225	2.0	1.0
chr9	105000001	113000000	internal191	2.0	1.0
chr9	105000001	113000000	internal90	2.0	1.0
chr9	105000001	113000000	internal96	2.0	1.0
chr9	105000001	113000000	A96167B-R43-C11	3.0	1.0
chr9	105000001	113000000	internal88	2.0	1.0
chr9	105000001	113000000	internal70	2.0	1.0
chr9	105000001	113000000	A96123A-R24-C53	2.0	1.0
chr9	105000001	113000000	A96123A-R24-C37	2.0	1.0
chr9	105000001	113000000	A96123A-R21-C36	2.0	1.0
chr9	105000001	113000000	A96167B-R37-C09	2.0	1.0
chr9	105000001	113000000	A96167B-R56-C15	0.0	2.0
chr9	114000001	114500000	internal225	2.0	1.0
chr9	114000001	114500000	internal191	2.0	1.0
chr9	114000001	114500000	internal90	2.0	1.0
chr9	114000001	114500000	internal96	2.0	1.0
chr9	114000001	114500000	A96167B-R43-C11	3.0	1.0
chr9	114000001	114500000	internal88	2.0	1.0
chr9	114000001	114500000	internal70	2.0	1.0
chr9	114000001	114500000	A96123A-R24-C53	2.0	1.0
chr9	114000001	114500000	A96123A-R24-C37	2.0	1.0
chr9	114000001	114500000	A96123A-R21-C36	2.0	1.0
chr9	114000001	114500000	A96167B-R37-C09	1.0	1.0
chr9	114000001	114500000	A96167B-R56-C15	0.0	2.0
chr9	114500001	115500000	internal225	2.0	1.0
chr9	114500001	115500000	internal191	1.5	1.0
chr9	114500001	115500000	internal90	2.0	1.0
chr9	114500001	115500000	internal96	2.0	1.0
chr9	114500001	115500000	A96167B-R43-C11	3.0	1.0
chr9	114500001	115500000	internal88	2.0	1.0
chr9	114500001	115500000	internal70	2.0	1.0
chr9	114500001	115500000	A96123A-R24-C53	2.0	1.0
chr9	114500001	115500000	A96123A-R24-C37	2.0	1.0
chr9	114500001	115500000	A96123A-R21-C36	2.0	1.0
chr9	114500001	115500000	A96167B-R37-C09	1.0	1.0
chr9	114500001	115500000	A96167B-R56-C15	0.0	2.0
chr9	116000001	125000000	internal225	2.0	1.0
chr9	116000001	125000000	internal191	1.5	0.0
chr9	116000001	125000000	internal90	1.5	1.0
chr9	116000001	125000000	internal96	2.0	1.0
chr9	116000001	125000000	A96167B-R43-C11	3.0	1.0
chr9	116000001	125000000	internal88	1.0	1.0
chr9	116000001	125000000	internal70	2.0	1.0
chr9	116000001	125000000	A96123A-R24-C53	2.0	1.0
chr9	116000001	125000000	A96123A-R24-C37	2.0	1.0
chr9	116000001	125000000	A96123A-R21-C36	2.0	1.0
chr9	116000001	125000000	A96167B-R37-C09	1.0	1.0
chr9	116000001	125000000	A96167B-R56-C15	0.0	2.0
chr9	125000001	132000000	internal225	2.0	1.0
chr9	125000001	132000000	internal191	1.5	1.0
chr9	125000001	132000000	internal90	2.0	1.0
chr9	125000001	132000000	internal96	2.0	1.0
chr9	125000001	132000000	A96167B-R43-C11	3.0	1.0
chr9	125000001	132000000	internal88	2.0	1.0
chr9	125000001	132000000	internal70	2.0	1.0
chr9	125000001	132000000	A96123A-R24-C53	2.0	1.0
chr9	125000001	132000000	A96123A-R24-C37	2.0	1.0
chr9	125000001	132000000	A96123A-R21-C36	2.0	1.0
chr9	125000001	132000000	A96167B-R37-C09	1.0	1.0
chr9	125000001	132000000	A96167B-R56-C15	0.0	2.0
chr9	132000001	140000000	internal225	2.0	1.0
chr9	132000001	140000000	internal191	1.0	1.0
chr9	132000001	140000000	internal90	2.0	1.0
chr9	132000001	140000000	internal96	2.0	1.0
chr9	132000001	140000000	A96167B-R43-C11	3.0	1.0
chr9	132000001	140000000	internal88	2.0	1.0
chr9	132000001	140000000	internal70	2.0	1.0
chr9	132000001	140000000	A96123A-R24-C53	2.0	1.0
chr9	132000001	140000000	A96123A-R24-C37	2.0	1.0
chr9	132000001	140000000	A96123A-R21-C36	2.0	1.0
chr9	132000001	140000000	A96167B-R37-C09	1.0	1.0
chr9	132000001	140000000	A96167B-R56-C15	0.0	2.0
